0.000000
0.000000
0.000000
0.000000
0.000000
0.000000
0.000000
0.000000
11.328571
38.900000
39.585714
50.142857
52.885714
38.100000
27.571429
3.185714
0.000000
0.000000
0.000000
0.000000
0.000000
0.000000
0.000000
0.000000
0.000000
0.000000
0.000000
0.000000
0.000000
0.000000
0.000000
0.000000
4.242857
26.028571
50.300000
71.314286
43.828571
31.328571
20.871429
3.800000
0.000000
0.000000
0.000000
0.000000
0.000000
0.000000
0.000000
0.000000
0.000000
0.000000
0.000000
0.000000
0.000000
0.000000
0.000000
0.000000
25.242857
110.071429
191.700000
241.671429
234.100000
145.171429
66.485714
22.814286
0.000000
0.000000
0.000000
0.000000
0.000000
0.000000
0.000000
0.000000
0.000000
0.000000
0.000000
0.000000
0.000000
0.000000
0.000000
0.000000
8.571429
69.714286
163.457143
90.857143
71.085714
48.042857
56.242857
10.314286
0.000000
0.000000
0.000000
0.000000
0.000000
0.000000
0.000000
0.000000
0.000000
0.000000
0.000000
0.000000
0.000000
0.000000
0.000000
0.000000
6.314286
22.342857
32.385714
38.071429
51.671429
67.457143
44.928571
10.428571
0.000000
0.000000
0.000000
0.000000
0.000000
0.000000
0.000000
0.000000
0.000000
0.000000
0.000000
0.000000
0.000000
0.000000
0.000000
0.000000
14.442857
37.442857
47.971429
67.900000
47.714286
32.185714
25.200000
7.057143
0.000000
0.000000
0.000000
0.000000
0.000000
0.000000
0.000000
0.000000
0.000000
0.000000
0.000000
0.000000
0.000000
0.000000
0.000000
0.000000
8.128571
30.300000
34.642857
41.042857
41.657143
50.357143
36.742857
15.014286
0.000000
0.000000
0.000000
0.000000
0.000000
0.000000
0.000000
0.000000
0.000000
0.000000
0.000000
0.000000
0.000000
0.000000
0.000000
0.000000
17.128571
53.471429
39.442857
41.585714
54.742857
50.571429
49.242857
11.514286
0.000000
0.000000
0.000000
0.000000
0.000000
0.000000
0.000000
0.000000
0.000000
0.000000
0.000000
0.000000
0.000000
0.000000
0.000000
0.000000
8.557143
32.614286
43.442857
40.657143
61.485714
54.671429
38.342857
13.657143
0.000000
0.000000
0.000000
0.000000
0.000000
0.000000
0.000000
0.000000
0.000000
0.000000
0.000000
0.000000
0.000000
0.000000
0.000000
0.000000
12.657143
41.785714
45.457143
79.185714
107.914286
99.785714
84.457143
37.942857
0.000000
0.000000
0.000000
0.000000
0.000000
0.000000
0.000000
0.000000
0.000000
0.000000
0.000000
0.000000
0.000000
0.000000
0.000000
0.000000
5.300000
34.042857
65.185714
86.300000
118.342857
80.114286
62.128571
6.914286
0.000000
0.000000
0.000000
0.000000
0.000000
0.000000
0.000000
0.000000
0.000000
0.000000
0.000000
0.000000
0.000000
0.000000
0.000000
0.000000
3.728571
31.800000
81.971429
137.928571
196.414286
120.628571
45.528571
16.085714
0.000000
0.000000
0.000000
0.000000
0.000000
0.000000
0.000000
0.000000
0.000000
0.000000
0.000000
0.000000
0.000000
0.000000
0.000000
0.000000
9.142857
34.357143
62.171429
72.657143
78.800000
38.485714
57.971429
44.657143
0.000000
0.000000
0.000000
0.000000
0.000000
0.000000
0.000000
0.000000
0.000000
0.000000
0.000000
0.000000
0.000000
0.000000
0.000000
0.000000
30.200000
86.828571
127.300000
93.642857
110.400000
178.071429
115.242857
27.828571
0.000000
0.000000
0.000000
0.000000
0.000000
0.000000
0.000000
0.000000
0.000000
0.000000
0.000000
0.000000
0.000000
0.000000
0.000000
0.000000
28.942857
100.085714
139.028571
165.571429
103.028571
106.985714
53.200000
16.428571
0.000000
0.000000
0.000000
0.000000
0.000000
0.000000
0.000000
0.000000
0.000000
0.000000
0.000000
0.000000
0.000000
0.000000
0.000000
0.000000
19.385714
62.471429
70.085714
94.428571
71.100000
59.128571
36.171429
9.771429
0.000000
0.000000
0.000000
0.000000
0.000000
0.000000
0.000000
0.000000
0.000000
0.000000
0.000000
0.000000
0.000000
0.000000
0.000000
0.000000
15.600000
53.342857
46.214286
45.700000
42.028571
40.314286
30.528571
10.514286
0.000000
0.000000
0.000000
0.000000
0.000000
0.000000
0.000000
0.000000
0.000000
0.000000
0.000000
0.000000
0.000000
0.000000
0.000000
0.000000
38.000000
127.542857
224.000000
273.057143
253.985714
212.542857
140.557143
58.785714
0.000000
0.000000
0.000000
0.000000
0.000000
0.000000
0.000000
0.000000
0.000000
0.000000
0.000000
0.000000
0.000000
0.000000
0.000000
0.000000
10.985714
27.700000
35.671429
42.642857
37.100000
42.657143
40.371429
14.442857
0.000000
0.000000
0.000000
0.000000
0.000000
0.000000
0.000000
0.000000
0.000000
0.000000
0.000000
0.000000
0.000000
0.000000
0.000000
0.000000
16.314286
21.614286
36.842857
61.185714
43.957143
66.371429
34.085714
8.814286
0.000000
0.000000
0.000000
0.000000
0.000000
0.000000
0.000000
0.000000
0.000000
0.000000
0.000000
0.000000
0.000000
0.000000
0.000000
0.000000
10.000000
33.428571
61.714286
59.414286
42.628571
38.300000
29.414286
9.185714
0.000000
0.000000
0.000000
0.000000
0.000000
0.000000
0.000000
0.000000
0.000000
0.000000
0.000000
0.000000
0.000000
0.000000
0.000000
0.000000
24.885714
73.071429
65.214286
49.142857
59.685714
69.142857
34.628571
22.314286
0.000000
0.000000
0.000000
0.000000
0.000000
0.000000
0.000000
0.000000
0.000000
0.000000
0.000000
0.000000
0.000000
0.000000
0.000000
0.000000
14.985714
37.571429
33.114286
37.957143
33.414286
33.028571
33.142857
15.114286
0.871429
0.000000
0.000000
0.000000
0.000000
0.000000
0.000000
0.000000
0.000000
0.000000
0.000000
0.000000
0.000000
0.000000
0.000000
0.000000
19.900000
56.814286
58.585714
63.485714
63.014286
57.442857
48.885714
24.642857
1.000000
0.000000
0.000000
0.000000
0.000000
0.000000
0.000000
0.000000
0.000000
0.000000
0.000000
0.000000
0.000000
0.000000
0.000000
0.000000
22.700000
63.114286
124.985714
180.285714
113.671429
51.385714
44.300000
21.657143
0.957143
0.000000
0.000000
0.000000
0.000000
0.000000
0.000000
0.000000
0.000000
0.000000
0.000000
0.000000
0.000000
0.000000
0.000000
0.000000
49.157143
161.128571
255.200000
321.957143
335.671429
298.385714
217.557143
95.557143
8.114286
0.000000
0.000000
0.000000
0.000000
0.000000
0.000000
0.000000
0.000000
0.000000
0.000000
0.000000
0.000000
0.000000
0.000000
0.000000
29.014286
77.928571
103.014286
169.100000
170.657143
165.057143
138.385714
66.185714
7.542857
0.000000
0.000000
0.000000
0.000000
0.000000
0.000000
0.000000
0.000000
0.000000
0.000000
0.000000
0.000000
0.000000
0.000000
0.000000
29.985714
80.242857
144.085714
162.514286
176.971429
106.728571
75.900000
49.285714
5.842857
0.000000
0.000000
0.000000
0.000000
0.000000
0.000000
0.000000
0.000000
0.000000
0.000000
0.000000
0.000000
0.000000
0.000000
0.000000
35.657143
114.528571
186.385714
235.042857
219.771429
182.271429
134.042857
67.814286
8.928571
0.000000
0.000000
0.000000
0.000000
0.000000
0.000000
0.000000
0.000000
0.000000
0.000000
0.000000
0.000000
0.000000
0.000000
0.000000
53.985714
173.371429
266.057143
326.800000
336.614286
301.471429
232.957143
128.671429
19.000000
0.000000
0.000000
0.000000
0.000000
0.000000
0.000000
0.000000
0.000000
0.000000
0.000000
0.000000
0.000000
0.000000
0.000000
0.000000
59.457143
178.457143
269.814286
332.642857
345.657143
310.328571
233.200000
113.785714
15.728571
0.000000
0.000000
0.000000
0.000000
0.000000
0.000000
0.000000
0.000000
0.000000
0.000000
0.000000
0.000000
0.000000
0.000000
3.228571
63.957143
120.771429
212.128571
346.842857
358.485714
325.700000
246.085714
126.014286
16.685714
0.000000
0.000000
0.000000
0.000000
0.000000
0.000000
0.000000
0.000000
0.000000
0.000000
0.000000
0.000000
0.000000
0.000000
4.285714
69.342857
199.685714
304.100000
359.785714
370.971429
337.814286
202.728571
71.300000
19.500000
0.000000
0.000000
0.000000
0.000000
0.000000
0.000000
0.000000
0.000000
0.000000
0.000000
0.000000
0.000000
0.000000
0.000000
4.814286
65.385714
133.557143
153.814286
260.871429
286.685714
263.157143
198.314286
113.471429
17.485714
0.000000
0.000000
0.000000
0.000000
0.000000
0.000000
0.000000
0.000000
0.000000
0.000000
0.000000
0.000000
0.000000
0.000000
4.700000
70.800000
187.800000
287.057143
337.985714
298.228571
122.528571
90.828571
57.085714
10.842857
0.000000
0.000000
0.000000
0.000000
0.000000
0.000000
0.000000
0.000000
0.000000
0.000000
0.000000
0.000000
0.000000
0.000000
6.214286
73.085714
184.400000
179.857143
228.557143
228.000000
117.728571
87.071429
64.342857
17.785714
0.000000
0.000000
0.000000
0.000000
0.000000
0.000000
0.000000
0.000000
0.000000
0.000000
0.000000
0.000000
0.000000
0.000000
7.571429
81.142857
203.814286
302.000000
352.228571
369.428571
345.657143
269.500000
149.542857
25.242857
0.000000
0.000000
0.000000
0.000000
0.000000
0.000000
0.000000
0.000000
0.000000
0.000000
0.000000
0.000000
0.000000
0.000000
4.171429
38.257143
83.771429
151.671429
174.028571
207.514286
189.842857
104.242857
62.700000
10.214286
0.000000
0.000000
0.000000
0.000000
0.000000
0.000000
0.000000
0.000000
0.000000
0.000000
0.000000
0.000000
0.000000
0.000000
4.042857
43.714286
129.485714
231.257143
348.042857
381.457143
355.785714
279.128571
156.957143
33.528571
0.000000
0.000000
0.000000
0.000000
0.000000
0.000000
0.000000
0.000000
0.000000
0.000000
0.000000
0.000000
0.000000
0.000000
6.114286
49.642857
71.671429
93.500000
113.857143
113.771429
137.228571
119.457143
59.142857
14.600000
0.000000
0.000000
0.000000
0.000000
0.000000
0.000000
0.000000
0.000000
0.000000
0.000000
0.000000
0.000000
0.000000
0.000000
8.885714
90.514286
205.257143
286.314286
324.757143
329.257143
310.371429
255.571429
156.942857
38.657143
0.000000
0.000000
0.000000
0.000000
0.000000
0.000000
0.000000
0.000000
0.000000
0.000000
0.000000
0.000000
0.000000
0.000000
7.900000
85.614286
205.642857
289.000000
330.514286
338.014286
316.142857
262.285714
164.914286
42.100000
0.000000
0.000000
0.000000
0.000000
0.000000
0.000000
0.000000
0.000000
0.000000
0.000000
0.000000
0.000000
0.000000
0.000000
10.057143
99.085714
224.285714
313.814286
355.214286
357.500000
336.600000
276.942857
171.900000
41.171429
0.000000
0.000000
0.000000
0.000000
0.000000
0.000000
0.000000
0.000000
0.000000
0.000000
0.000000
0.000000
0.000000
0.000000
6.714286
63.271429
84.885714
63.157143
65.500000
69.471429
61.385714
54.028571
40.400000
18.557143
0.000000
0.000000
0.000000
0.000000
0.000000
0.000000
0.000000
0.000000
0.000000
0.000000
0.000000
0.000000
0.000000
0.000000
10.185714
76.871429
154.357143
188.671429
302.385714
271.757143
157.571429
98.171429
51.871429
22.542857
0.000000
0.000000
0.000000
0.000000
0.000000
0.000000
0.000000
0.000000
0.000000
0.000000
0.000000
0.000000
0.000000
0.000000
16.957143
99.571429
111.371429
94.657143
84.471429
115.285714
103.257143
52.000000
40.600000
15.114286
0.000000
0.000000
0.000000
0.000000
0.000000
0.000000
0.000000
0.000000
0.000000
0.000000
0.000000
0.000000
0.000000
0.000000
11.142857
63.585714
114.985714
125.385714
271.785714
315.485714
318.328571
264.142857
154.085714
57.671429
0.000000
0.000000
0.000000
0.000000
0.000000
0.000000
0.000000
0.000000
0.000000
0.000000
0.000000
0.000000
0.000000
0.000000
4.285714
23.542857
38.571429
55.642857
75.385714
91.214286
211.100000
161.685714
38.242857
23.471429
0.000000
0.000000
0.000000
0.000000
0.000000
0.000000
0.000000
0.000000
0.000000
0.000000
0.000000
0.000000
0.000000
0.000000
23.442857
84.885714
140.742857
163.871429
233.628571
340.514286
317.414286
190.228571
110.614286
23.142857
0.000000
0.000000
0.000000
0.000000
0.000000
0.000000
0.000000
0.000000
0.000000
0.000000
0.000000
0.000000
0.000000
0.000000
6.485714
29.728571
76.814286
171.185714
205.971429
114.942857
127.328571
143.785714
45.085714
21.600000
0.000000
0.000000
0.000000
0.000000
0.000000
0.000000
0.000000
0.000000
0.000000
0.000000
0.000000
0.000000
0.000000
0.000000
35.485714
165.242857
295.371429
280.442857
286.014286
330.542857
366.385714
329.385714
211.214286
68.400000
0.000000
0.000000
0.000000
0.000000
0.000000
0.000000
0.000000
0.000000
0.000000
0.000000
0.000000
0.000000
0.000000
0.000000
24.342857
104.328571
205.757143
202.028571
172.628571
133.700000
112.914286
76.357143
82.200000
42.257143
0.000000
0.000000
0.000000
0.000000
0.000000
0.000000
0.000000
0.000000
0.000000
0.000000
0.000000
0.000000
0.000000
0.000000
32.500000
134.428571
204.428571
234.028571
449.457143
507.085714
458.442857
347.085714
225.928571
84.628571
0.000000
0.000000
0.000000
0.000000
0.000000
0.000000
0.000000
0.000000
0.000000
0.000000
0.000000
0.000000
0.000000
0.000000
6.814286
33.614286
62.200000
72.800000
64.714286
68.971429
56.857143
51.985714
94.828571
78.785714
0.528571
0.000000
0.000000
0.000000
0.000000
0.000000
0.000000
0.000000
0.000000
0.000000
0.000000
0.000000
0.000000
0.000000
6.028571
32.071429
48.642857
64.842857
59.128571
61.328571
87.442857
52.942857
25.885714
11.071429
0.214286
0.000000
0.000000
0.000000
0.000000
0.000000
0.000000
0.000000
0.000000
0.000000
0.000000
0.000000
0.000000
0.000000
43.814286
102.671429
162.228571
364.757143
446.914286
320.414286
67.557143
63.214286
48.228571
42.514286
1.000000
0.000000
0.000000
0.000000
0.000000
0.000000
0.000000
0.000000
0.000000
0.000000
0.000000
0.000000
0.000000
0.000000
6.342857
38.771429
132.514286
92.571429
250.842857
308.271429
281.671429
369.314286
282.071429
118.428571
1.028571
0.000000
0.000000
0.000000
0.000000
0.000000
0.000000
0.000000
0.000000
0.000000
0.000000
0.000000
0.000000
0.000000
54.328571
203.128571
299.442857
325.714286
474.414286
506.471429
363.514286
238.828571
140.200000
60.542857
1.371429
0.000000
0.000000
0.000000
0.000000
0.000000
0.000000
0.000000
0.000000
0.000000
0.000000
0.000000
0.000000
0.000000
18.885714
32.800000
45.528571
57.871429
69.042857
52.214286
52.800000
53.614286
36.685714
28.257143
1.528571
0.000000
0.000000
0.000000
0.000000
0.000000
0.000000
0.000000
0.000000
0.000000
0.000000
0.000000
0.000000
0.000000
26.314286
73.128571
110.714286
102.771429
96.128571
88.557143
77.157143
70.414286
40.971429
23.928571
1.457143
0.000000
0.000000
0.000000
0.000000
0.000000
0.000000
0.000000
0.000000
0.000000
0.000000
0.000000
0.000000
0.000000
30.300000
73.114286
94.000000
87.842857
84.528571
61.914286
54.285714
49.628571
52.485714
42.300000
1.014286
0.000000
0.000000
0.000000
0.000000
0.000000
0.000000
0.000000
0.000000
0.000000
0.000000
0.000000
0.000000
0.000000
12.442857
71.385714
209.142857
227.000000
125.400000
124.800000
120.828571
155.257143
118.814286
82.585714
12.200000
0.000000
0.000000
0.000000
0.000000
0.000000
0.000000
0.000000
0.000000
0.000000
0.000000
0.000000
0.000000
0.657143
47.200000
199.014286
340.671429
446.742857
454.557143
385.614286
437.285714
368.771429
230.700000
122.400000
17.100000
0.000000
0.000000
0.000000
0.000000
0.000000
0.000000
0.000000
0.000000
0.000000
0.000000
0.000000
0.000000
1.457143
37.028571
110.871429
163.971429
192.442857
166.771429
141.542857
232.042857
349.142857
279.800000
141.385714
19.114286
0.000000
0.000000
0.000000
0.000000
0.000000
0.000000
0.000000
0.000000
0.000000
0.000000
0.000000
0.000000
2.200000
64.657143
210.900000
353.557143
455.914286
512.871429
525.957143
490.042857
410.642857
278.642857
143.000000
22.171429
0.000000
0.000000
0.000000
0.000000
0.000000
0.000000
0.000000
0.000000
0.000000
0.000000
0.000000
0.000000
6.871429
83.557143
225.485714
357.885714
459.471429
513.914286
519.185714
492.785714
417.900000
298.271429
153.571429
22.000000
0.000000
0.000000
0.000000
0.000000
0.000000
0.000000
0.000000
0.000000
0.000000
0.000000
0.000000
0.000000
6.057143
83.114286
230.671429
364.342857
467.542857
527.400000
532.728571
497.542857
400.514286
274.557143
157.185714
22.571429
0.000000
0.000000
0.000000
0.000000
0.000000
0.000000
0.000000
0.000000
0.000000
0.000000
0.000000
0.000000
0.985714
27.185714
54.200000
84.228571
109.628571
129.742857
106.014286
89.785714
103.557143
84.371429
46.171429
1.128571
0.000000
0.000000
0.000000
0.000000
0.000000
0.000000
0.000000
0.000000
0.000000
0.000000
0.000000
0.000000
10.000000
101.128571
258.028571
400.442857
467.700000
432.200000
425.785714
427.971429
422.042857
318.014286
177.542857
26.428571
0.000000
0.000000
0.000000
0.000000
0.000000
0.000000
0.000000
0.000000
0.000000
0.000000
0.000000
0.000000
2.557143
71.628571
152.500000
146.914286
162.142857
104.600000
94.028571
75.771429
77.100000
66.771429
46.542857
4.857143
0.000000
0.000000
0.000000
0.000000
0.000000
0.000000
0.000000
0.000000
0.000000
0.000000
0.000000
0.000000
8.357143
30.557143
54.100000
78.128571
93.114286
198.871429
203.057143
240.114286
184.514286
109.900000
104.185714
26.100000
0.000000
0.000000
0.000000
0.000000
0.000000
0.000000
0.000000
0.000000
0.000000
0.000000
0.000000
0.000000
2.971429
42.000000
84.957143
108.885714
110.885714
116.600000
99.885714
88.600000
81.614286
54.128571
55.128571
13.442857
0.000000
0.000000
0.000000
0.000000
0.000000
0.000000
0.000000
0.000000
0.000000
0.000000
0.000000
0.000000
4.714286
46.400000
104.685714
154.371429
128.442857
121.642857
104.900000
80.928571
74.857143
55.942857
50.657143
14.257143
0.000000
0.000000
0.000000
0.000000
0.000000
0.000000
0.000000
0.000000
0.000000
0.000000
0.000000
0.000000
4.000000
34.785714
64.814286
75.414286
70.900000
76.885714
72.057143
61.728571
51.742857
51.957143
64.257143
10.957143
0.000000
0.000000
0.000000
0.000000
0.000000
0.000000
0.000000
0.000000
0.000000
0.000000
0.000000
0.000000
6.000000
40.757143
84.700000
118.100000
129.728571
144.214286
145.357143
262.214286
433.957143
345.857143
198.142857
49.614286
0.000000
0.000000
0.000000
0.000000
0.000000
0.000000
0.000000
0.000000
0.000000
0.000000
0.000000
0.000000
25.814286
144.628571
298.328571
433.942857
514.014286
583.971429
605.785714
570.285714
488.971429
361.885714
209.742857
57.085714
0.000000
0.000000
0.000000
0.000000
0.000000
0.000000
0.000000
0.000000
0.000000
0.000000
0.000000
0.000000
26.285714
141.414286
295.428571
431.728571
534.800000
596.414286
612.142857
571.714286
485.485714
360.257143
208.685714
59.285714
0.000000
0.000000
0.000000
0.000000
0.000000
0.000000
0.000000
0.000000
0.000000
0.000000
0.000000
0.000000
27.357143
143.928571
299.885714
440.971429
529.571429
550.385714
598.785714
518.914286
347.771429
215.057143
151.342857
45.385714
0.000000
0.000000
0.000000
0.000000
0.000000
0.000000
0.000000
0.000000
0.000000
0.000000
0.000000
0.000000
25.157143
134.800000
250.357143
224.300000
339.242857
539.871429
605.642857
574.357143
499.871429
377.614286
226.600000
67.485714
0.000000
0.000000
0.000000
0.000000
0.000000
0.000000
0.000000
0.000000
0.000000
0.000000
0.000000
0.000000
35.528571
164.242857
317.685714
450.328571
551.214286
599.614286
587.228571
563.542857
456.628571
323.500000
212.157143
65.557143
0.000000
0.000000
0.000000
0.000000
0.000000
0.000000
0.000000
0.000000
0.000000
0.000000
0.000000
0.000000
18.085714
97.742857
184.042857
262.742857
311.428571
374.285714
489.271429
430.557143
273.342857
261.028571
210.085714
68.157143
0.000000
0.000000
0.000000
0.000000
0.000000
0.000000
0.000000
0.000000
0.000000
0.000000
0.000000
0.000000
15.400000
80.171429
145.171429
240.314286
266.457143
258.571429
185.000000
150.685714
148.385714
235.328571
190.785714
68.200000
0.000000
0.000000
0.000000
0.000000
0.000000
0.000000
0.000000
0.000000
0.000000
0.000000
0.000000
0.000000
43.142857
180.828571
337.100000
473.400000
565.928571
530.057143
504.185714
478.500000
402.857143
277.057143
211.857143
77.928571
0.000000
0.000000
0.000000
0.000000
0.000000
0.000000
0.000000
0.000000
0.000000
0.000000
0.000000
0.000000
47.400000
189.771429
347.971429
483.485714
585.442857
641.057143
655.157143
610.557143
504.257143
369.371429
239.114286
83.985714
0.000000
0.000000
0.000000
0.000000
0.000000
0.000000
0.000000
0.000000
0.000000
0.000000
0.000000
0.000000
55.571429
203.314286
357.714286
494.257143
596.971429
653.657143
666.328571
625.214286
535.571429
409.300000
256.614286
90.671429
0.000000
0.000000
0.000000
0.000000
0.000000
0.000000
0.000000
0.000000
0.000000
0.000000
0.000000
0.000000
58.214286
211.300000
377.457143
515.657143
618.171429
674.857143
687.971429
645.757143
554.157143
424.571429
267.885714
97.057143
0.000000
0.000000
0.000000
0.000000
0.000000
0.000000
0.000000
0.000000
0.000000
0.000000
0.000000
0.000000
41.871429
153.700000
287.042857
406.671429
463.414286
573.657143
605.871429
562.500000
473.814286
351.385714
244.728571
86.214286
0.000000
0.000000
0.000000
0.000000
0.000000
0.000000
0.000000
0.000000
0.000000
0.000000
0.000000
0.000000
49.885714
188.200000
362.857143
501.614286
554.471429
672.300000
692.642857
652.000000
557.785714
426.100000
269.942857
101.071429
0.000000
0.000000
0.000000
0.000000
0.000000
0.000000
0.000000
0.000000
0.000000
0.000000
0.000000
0.000000
10.800000
43.214286
69.757143
80.985714
94.914286
106.485714
95.628571
99.785714
114.428571
76.114286
61.628571
34.028571
0.000000
0.000000
0.000000
0.000000
0.000000
0.000000
0.000000
0.000000
0.000000
0.000000
0.000000
0.000000
25.771429
111.928571
181.685714
247.242857
250.471429
195.800000
190.714286
135.000000
77.771429
83.528571
90.242857
45.142857
0.000000
0.000000
0.000000
0.000000
0.000000
0.000000
0.000000
0.000000
0.000000
0.000000
0.000000
0.000000
20.728571
69.400000
132.285714
248.514286
224.900000
196.242857
320.757143
514.371429
445.142857
244.714286
223.500000
106.200000
0.000000
0.000000
0.000000
0.000000
0.000000
0.000000
0.000000
0.000000
0.000000
0.000000
0.000000
0.628571
61.614286
190.671429
372.714286
544.000000
526.542857
494.700000
557.657143
561.214286
491.742857
381.300000
263.928571
107.528571
5.028571
0.000000
0.000000
0.000000
0.000000
0.000000
0.000000
0.000000
0.000000
0.000000
0.000000
2.357143
22.685714
71.742857
101.042857
112.542857
212.028571
302.757143
261.442857
240.671429
250.014286
181.100000
159.257143
58.242857
5.157143
0.000000
0.000000
0.000000
0.000000
0.000000
0.000000
0.000000
0.000000
0.000000
0.000000
2.785714
51.385714
217.200000
391.871429
533.171429
599.471429
634.257143
612.800000
534.814286
376.300000
289.800000
190.685714
70.442857
9.585714
0.000000
0.000000
0.000000
0.000000
0.000000
0.000000
0.000000
0.000000
0.000000
0.000000
3.371429
44.985714
176.500000
299.957143
307.000000
215.342857
198.142857
207.685714
232.385714
214.128571
177.057143
104.728571
45.785714
5.971429
0.000000
0.000000
0.000000
0.000000
0.000000
0.000000
0.000000
0.000000
0.000000
0.000000
0.557143
16.600000
50.628571
93.028571
116.514286
136.557143
132.200000
135.028571
131.714286
113.985714
86.085714
66.628571
35.814286
2.185714
0.000000
0.000000
0.000000
0.000000
0.000000
0.000000
0.000000
0.000000
0.000000
0.000000
1.028571
23.885714
63.185714
109.385714
143.700000
134.371429
127.485714
112.128571
89.771429
67.600000
66.014286
85.114286
60.257143
0.657143
0.000000
0.000000
0.000000
0.000000
0.000000
0.000000
0.000000
0.000000
0.000000
0.000000
0.028571
13.057143
42.571429
95.000000
152.600000
126.714286
203.871429
308.757143
506.857143
443.757143
181.728571
131.057143
72.528571
11.771429
0.000000
0.000000
0.000000
0.000000
0.000000
0.000000
0.000000
0.000000
0.000000
0.000000
2.085714
52.900000
190.071429
410.828571
333.514286
289.071429
343.185714
360.042857
374.757143
305.957143
219.257143
174.971429
121.371429
16.871429
0.000000
0.000000
0.000000
0.000000
0.000000
0.000000
0.000000
0.000000
0.000000
0.000000
11.614286
104.171429
242.971429
406.557143
536.571429
652.442857
735.485714
735.428571
675.200000
484.185714
255.514286
140.757143
50.114286
6.485714
0.000000
0.000000
0.000000
0.000000
0.000000
0.000000
0.000000
0.000000
0.000000
0.000000
8.457143
30.342857
77.114286
196.614286
272.485714
379.914286
510.085714
635.457143
609.957143
510.114286
354.214286
243.314286
122.428571
22.514286
0.000000
0.000000
0.000000
0.000000
0.000000
0.000000
0.000000
0.000000
0.000000
0.000000
12.457143
77.528571
161.671429
343.842857
419.342857
274.214286
254.942857
272.314286
247.442857
107.957143
88.542857
119.085714
70.742857
8.400000
0.000000
0.000000
0.000000
0.000000
0.000000
0.000000
0.000000
0.000000
0.000000
0.000000
3.671429
23.228571
55.785714
83.328571
159.171429
279.085714
344.442857
337.000000
246.057143
237.900000
296.185714
245.785714
149.628571
26.142857
0.000000
0.000000
0.000000
0.000000
0.000000
0.000000
0.000000
0.000000
0.000000
0.000000
9.385714
56.771429
161.571429
194.371429
251.028571
285.757143
294.357143
319.700000
332.671429
260.342857
195.814286
231.157143
169.157143
25.614286
0.000000
0.000000
0.000000
0.000000
0.000000
0.000000
0.000000
0.000000
0.000000
0.000000
25.228571
153.085714
328.442857
497.842857
575.442857
629.842857
611.057143
583.085714
508.085714
373.714286
352.914286
250.314286
118.171429
11.642857
0.000000
0.000000
0.000000
0.000000
0.000000
0.000000
0.000000
0.000000
0.000000
0.000000
2.028571
43.300000
143.585714
170.628571
256.100000
395.614286
355.714286
249.957143
149.257143
114.971429
98.000000
84.957143
47.557143
12.228571
0.000000
0.000000
0.000000
0.000000
0.000000
0.000000
0.000000
0.000000
0.000000
0.000000
9.200000
33.042857
149.428571
169.342857
236.228571
297.514286
338.914286
434.185714
529.600000
451.485714
420.328571
314.728571
139.385714
28.657143
0.000000
0.000000
0.000000
0.000000
0.000000
0.000000
0.000000
0.000000
0.000000
0.000000
36.928571
177.757143
349.585714
507.971429
562.514286
457.328571
476.271429
565.185714
585.100000
566.242857
437.157143
312.185714
168.985714
34.071429
0.000000
0.000000
0.000000
0.000000
0.000000
0.000000
0.000000
0.000000
0.000000
0.000000
15.814286
97.285714
252.300000
404.828571
535.457143
620.328571
668.771429
647.300000
508.700000
344.214286
249.128571
163.600000
120.471429
27.785714
0.000000
0.000000
0.000000
0.000000
0.000000
0.000000
0.000000
0.000000
0.000000
0.000000
7.500000
141.700000
321.571429
475.757143
608.957143
618.114286
558.357143
512.957143
443.071429
359.157143
343.985714
270.957143
151.442857
36.928571
0.000000
0.000000
0.000000
0.000000
0.000000
0.000000
0.000000
0.000000
0.000000
0.000000
38.142857
179.728571
350.357143
519.257143
653.971429
747.371429
712.985714
474.328571
176.057143
193.757143
357.657143
237.085714
127.228571
33.871429
0.000000
0.000000
0.000000
0.000000
0.000000
0.000000
0.000000
0.000000
0.000000
0.000000
36.142857
175.657143
356.914286
511.314286
574.414286
633.271429
677.171429
566.371429
418.257143
260.142857
296.600000
198.557143
106.471429
28.571429
0.000000
0.000000
0.000000
0.000000
0.000000
0.000000
0.000000
0.000000
0.000000
0.000000
35.328571
166.114286
351.228571
478.342857
523.342857
578.714286
580.371429
459.628571
429.471429
392.442857
376.371429
266.000000
172.757143
49.714286
0.000000
0.000000
0.000000
0.000000
0.000000
0.000000
0.000000
0.000000
0.000000
0.000000
55.085714
218.771429
398.071429
572.628571
631.542857
361.957143
355.985714
346.000000
290.900000
207.314286
207.471429
200.128571
93.328571
12.857143
0.000000
0.000000
0.000000
0.000000
0.000000
0.000000
0.000000
0.000000
0.000000
0.000000
57.857143
167.300000
352.614286
526.471429
590.357143
504.814286
537.528571
605.071429
568.314286
392.485714
184.785714
102.328571
63.042857
13.828571
0.000000
0.000000
0.000000
0.000000
0.000000
0.000000
0.000000
0.000000
0.000000
0.000000
48.100000
193.214286
340.514286
442.757143
408.500000
296.514286
406.914286
651.728571
691.900000
560.071429
462.785714
365.871429
202.142857
56.614286
0.000000
0.000000
0.000000
0.000000
0.000000
0.000000
0.000000
0.000000
0.000000
0.000000
7.228571
60.428571
223.071429
412.400000
618.914286
688.371429
748.285714
808.000000
770.928571
653.100000
507.485714
342.600000
178.571429
35.900000
0.000000
0.000000
0.000000
0.000000
0.000000
0.000000
0.000000
0.000000
0.000000
0.000000
64.257143
208.042857
354.500000
555.142857
693.028571
783.928571
835.557143
833.528571
772.385714
689.400000
477.728571
272.500000
120.928571
56.600000
0.000000
0.000000
0.000000
0.000000
0.000000
0.000000
0.000000
0.000000
0.000000
0.000000
66.828571
224.314286
387.871429
546.800000
681.414286
769.071429
814.557143
813.842857
764.400000
668.300000
543.885714
396.671429
226.728571
68.128571
0.000000
0.000000
0.000000
0.000000
0.000000
0.000000
0.000000
0.000000
0.000000
0.014286
52.571429
170.942857
268.857143
373.442857
482.285714
552.242857
474.528571
500.900000
596.557143
514.085714
345.857143
149.028571
119.471429
51.742857
0.000000
0.000000
0.000000
0.000000
0.000000
0.000000
0.000000
0.000000
0.000000
0.028571
52.957143
202.328571
389.914286
468.385714
559.514286
590.514286
672.528571
653.300000
660.171429
648.600000
566.414286
409.271429
245.200000
81.242857
0.000000
0.000000
0.000000
0.000000
0.000000
0.000000
0.000000
0.000000
0.000000
3.685714
70.185714
230.914286
403.328571
563.671429
703.985714
792.642857
840.771429
762.428571
627.514286
586.171429
483.285714
406.928571
234.400000
71.942857
0.000000
0.000000
0.000000
0.000000
0.000000
0.000000
0.000000
0.000000
0.000000
6.300000
67.685714
213.985714
383.671429
552.314286
688.471429
782.471429
831.671429
828.028571
777.842857
684.800000
541.814286
276.885714
56.771429
37.114286
0.000000
0.000000
0.000000
0.000000
0.000000
0.000000
0.000000
0.000000
0.000000
1.971429
27.471429
148.671429
260.328571
426.614286
480.085714
448.442857
357.957143
443.585714
317.314286
288.000000
376.342857
281.357143
126.757143
14.728571
0.000000
0.000000
0.000000
0.000000
0.000000
0.000000
0.000000
0.000000
0.000000
9.900000
69.571429
182.285714
374.700000
561.685714
667.900000
616.585714
676.371429
736.557143
737.228571
668.100000
563.785714
414.457143
244.942857
82.071429
0.000000
0.000000
0.000000
0.000000
0.000000
0.000000
0.000000
0.000000
0.000000
2.600000
74.285714
211.571429
310.185714
532.057143
677.500000
767.071429
578.000000
239.671429
158.471429
75.714286
61.657143
67.442857
39.414286
14.300000
0.885714
0.000000
0.000000
0.000000
0.000000
0.000000
0.000000
0.000000
0.000000
2.985714
15.528571
54.257143
85.742857
154.457143
188.985714
207.414286
193.985714
166.642857
171.314286
135.900000
69.128571
84.128571
53.742857
23.814286
1.000000
0.000000
0.000000
0.000000
0.000000
0.000000
0.000000
0.000000
0.000000
2.400000
34.385714
58.385714
94.942857
178.085714
256.628571
254.200000
261.671429
196.257143
222.628571
213.685714
376.971429
455.085714
263.385714
80.042857
5.500000
0.000000
0.000000
0.000000
0.000000
0.000000
0.000000
0.000000
0.000000
11.385714
102.900000
265.185714
421.442857
584.257143
431.428571
390.342857
347.957143
659.285714
578.842857
369.171429
453.914286
425.614286
268.628571
101.885714
6.385714
0.000000
0.000000
0.000000
0.000000
0.000000
0.000000
0.000000
0.000000
0.342857
25.971429
129.085714
270.700000
396.300000
168.485714
155.571429
240.614286
402.385714
370.628571
367.042857
327.628571
343.542857
224.614286
99.842857
6.814286
0.000000
0.000000
0.000000
0.000000
0.000000
0.000000
0.000000
0.000000
15.942857
113.385714
212.128571
381.528571
570.828571
694.114286
753.300000
737.100000
713.785714
629.285714
540.671429
419.728571
244.671429
177.928571
95.600000
8.957143
0.000000
0.000000
0.000000
0.000000
0.000000
0.000000
0.000000
0.000000
2.085714
32.642857
60.928571
133.114286
369.600000
506.657143
578.914286
806.385714
834.928571
810.400000
686.714286
498.628571
258.285714
112.457143
86.957143
5.900000
0.000000
0.000000
0.000000
0.000000
0.000000
0.000000
0.000000
0.000000
2.442857
15.685714
93.771429
233.971429
324.957143
435.628571
334.071429
670.000000
734.028571
676.971429
616.214286
402.000000
282.242857
216.442857
110.014286
10.957143
0.000000
0.000000
0.000000
0.000000
0.000000
0.000000
0.000000
0.000000
17.871429
123.457143
189.728571
174.985714
287.385714
235.585714
218.071429
256.885714
317.242857
308.071429
169.457143
171.542857
179.357143
144.514286
53.714286
4.357143
0.000000
0.000000
0.000000
0.000000
0.000000
0.000000
0.000000
0.000000
20.528571
152.957143
331.457143
527.014286
651.042857
649.685714
533.828571
447.400000
398.028571
285.971429
406.600000
429.914286
396.157143
218.242857
111.928571
15.657143
0.000000
0.000000
0.000000
0.000000
0.000000
0.000000
0.000000
0.000000
2.042857
13.200000
49.628571
160.957143
355.142857
398.957143
430.157143
494.971429
529.971429
679.714286
656.671429
545.528571
224.700000
55.685714
31.600000
4.585714
0.000000
0.000000
0.000000
0.000000
0.000000
0.000000
0.000000
0.000000
3.014286
30.885714
98.214286
160.971429
177.457143
173.328571
174.257143
166.642857
207.628571
331.642857
415.857143
450.171429
405.414286
218.571429
51.185714
12.685714
0.000000
0.000000
0.000000
0.000000
0.000000
0.000000
0.000000
0.000000
21.028571
136.014286
281.571429
363.442857
526.885714
648.228571
576.557143
453.171429
485.914286
531.942857
568.900000
507.985714
401.285714
270.242857
134.428571
15.928571
0.000000
0.000000
0.000000
0.000000
0.000000
0.000000
0.000000
0.000000
21.114286
81.657143
159.285714
306.785714
352.400000
495.157143
606.642857
562.128571
603.785714
457.842857
303.200000
302.228571
398.185714
271.971429
131.814286
16.600000
0.000000
0.000000
0.000000
0.000000
0.000000
0.000000
0.000000
0.000000
23.642857
137.485714
286.828571
440.371429
599.414286
734.257143
825.300000
876.600000
872.914286
828.314286
741.971429
614.714286
455.928571
296.257143
136.814286
18.385714
0.000000
0.000000
0.000000
0.000000
0.000000
0.000000
0.000000
0.000000
28.071429
145.842857
299.885714
462.214286
618.400000
748.000000
837.128571
885.428571
889.585714
845.571429
754.171429
625.057143
469.685714
290.800000
115.528571
10.757143
0.000000
0.000000
0.000000
0.000000
0.000000
0.000000
0.000000
0.000000
34.000000
142.685714
275.071429
393.200000
557.571429
615.142857
616.628571
709.914286
392.014286
506.900000
608.657143
327.885714
176.614286
142.771429
95.185714
13.814286
0.000000
0.000000
0.000000
0.000000
0.000000
0.000000
0.000000
0.000000
10.000000
90.185714
182.171429
380.842857
603.042857
744.042857
837.728571
878.371429
851.085714
778.585714
729.928571
562.357143
311.671429
186.085714
91.371429
2.014286
0.000000
0.000000
0.000000
0.000000
0.000000
0.000000
0.000000
0.000000
26.128571
147.128571
308.685714
473.971429
632.457143
761.485714
804.185714
666.985714
703.342857
650.942857
609.328571
547.928571
452.528571
278.500000
100.414286
19.714286
0.000000
0.000000
0.000000
0.000000
0.000000
0.000000
0.000000
0.000000
21.200000
136.500000
278.414286
403.800000
584.642857
753.314286
842.728571
896.257143
896.400000
849.957143
760.228571
626.800000
449.985714
291.614286
148.628571
23.985714
0.000000
0.000000
0.000000
0.000000
0.000000
0.000000
0.000000
0.000000
10.400000
101.714286
291.200000
480.042857
635.028571
763.714286
852.528571
901.328571
900.671429
855.228571
766.071429
639.085714
487.457143
319.300000
156.857143
25.400000
0.000000
0.000000
0.000000
0.000000
0.000000
0.000000
0.000000
0.000000
34.314286
162.314286
319.157143
478.757143
629.571429
754.628571
845.842857
896.685714
898.257143
810.628571
633.871429
548.342857
408.542857
306.085714
148.385714
22.228571
0.000000
0.000000
0.000000
0.000000
0.000000
0.000000
0.000000
0.000000
5.771429
112.700000
346.257143
528.014286
700.228571
770.385714
697.200000
463.471429
308.328571
423.685714
411.014286
375.085714
113.442857
178.885714
158.185714
28.857143
0.000000
0.000000
0.000000
0.000000
0.000000
0.000000
0.000000
0.000000
8.942857
74.428571
265.942857
357.157143
353.285714
473.185714
655.557143
726.814286
728.557143
670.571429
649.857143
570.214286
427.857143
286.200000
139.642857
29.114286
0.000000
0.000000
0.000000
0.000000
0.000000
0.000000
0.000000
0.000000
19.528571
74.042857
241.600000
435.971429
614.457143
742.128571
759.328571
752.585714
762.042857
669.757143
694.957143
514.800000
365.485714
271.600000
157.242857
30.900000
0.000000
0.000000
0.000000
0.000000
0.000000
0.000000
0.000000
0.000000
27.342857
145.485714
262.142857
436.600000
564.671429
702.157143
841.728571
853.957143
744.300000
554.485714
395.857143
407.514286
437.457143
294.971429
151.371429
25.228571
0.000000
0.000000
0.000000
0.000000
0.000000
0.000000
0.000000
0.000000
4.000000
17.185714
92.500000
115.957143
106.071429
261.685714
460.000000
519.828571
532.585714
535.928571
328.500000
357.871429
182.914286
52.200000
30.171429
4.571429
0.000000
0.000000
0.000000
0.000000
0.000000
0.000000
0.000000
0.000000
4.000000
21.142857
49.371429
111.914286
238.271429
188.928571
223.428571
200.985714
308.071429
285.028571
419.585714
303.785714
228.542857
147.100000
74.600000
22.757143
0.000000
0.000000
0.000000
0.000000
0.000000
0.000000
0.000000
0.000000
7.857143
61.057143
292.185714
469.400000
524.614286
510.828571
534.200000
366.742857
376.700000
498.042857
339.500000
341.014286
361.942857
303.314286
164.414286
33.428571
0.000000
0.000000
0.000000
0.000000
0.000000
0.000000
0.000000
0.000000
5.157143
32.028571
63.571429
154.357143
219.714286
330.228571
218.614286
153.914286
125.271429
96.342857
82.757143
105.728571
105.214286
69.342857
44.157143
21.328571
0.000000
0.000000
0.000000
0.000000
0.000000
0.000000
0.000000
0.000000
5.014286
16.885714
36.885714
95.442857
158.728571
213.428571
186.885714
200.242857
280.700000
403.300000
363.928571
460.828571
405.614286
334.771429
180.157143
44.342857
0.000000
0.000000
0.000000
0.000000
0.000000
0.000000
0.000000
0.000000
9.057143
16.300000
43.914286
62.700000
98.571429
168.257143
223.457143
198.728571
322.457143
259.828571
245.000000
277.428571
245.771429
165.957143
110.385714
35.300000
0.000000
0.000000
0.000000
0.000000
0.000000
0.000000
0.000000
0.000000
32.757143
59.242857
114.271429
124.128571
229.857143
313.328571
520.814286
658.242857
548.485714
416.771429
363.742857
162.042857
118.957143
151.800000
80.957143
12.885714
0.000000
0.000000
0.000000
0.000000
0.000000
0.000000
0.000000
0.000000
24.085714
146.228571
321.557143
445.885714
551.171429
667.100000
730.657143
699.485714
534.214286
346.628571
143.014286
235.271429
397.000000
192.628571
111.528571
35.514286
0.000000
0.000000
0.000000
0.000000
0.000000
0.000000
0.000000
0.000000
5.428571
49.814286
255.585714
424.842857
396.671429
466.314286
697.328571
378.085714
486.200000
492.842857
414.828571
340.642857
223.871429
50.057143
33.257143
24.828571
0.000000
0.000000
0.000000
0.000000
0.000000
0.000000
0.000000
0.000000
4.457143
69.085714
174.428571
210.928571
403.242857
612.857143
741.400000
601.385714
300.100000
707.757143
608.742857
472.400000
497.171429
343.100000
171.657143
40.971429
0.000000
0.000000
0.000000
0.000000
0.000000
0.000000
0.000000
0.000000
22.742857
85.214286
104.400000
293.742857
511.385714
477.914286
494.971429
562.228571
531.142857
420.171429
297.714286
270.985714
147.400000
103.657143
98.300000
19.557143
0.000000
0.000000
0.000000
0.000000
0.000000
0.000000
0.000000
0.000000
3.557143
32.857143
92.742857
139.457143
154.371429
147.485714
238.185714
581.871429
811.742857
772.714286
563.300000
228.628571
112.457143
75.542857
57.057143
14.228571
0.000000
0.000000
0.000000
0.000000
0.000000
0.000000
0.000000
0.000000
47.285714
184.300000
345.985714
509.514286
632.814286
664.571429
720.885714
834.828571
839.157143
630.885714
477.014286
489.757143
385.385714
195.971429
72.314286
30.728571
0.000000
0.000000
0.000000
0.000000
0.000000
0.000000
0.000000
0.000000
13.514286
31.957143
69.171429
98.885714
113.314286
176.285714
230.014286
263.871429
266.228571
222.728571
200.600000
190.342857
158.700000
121.242857
60.185714
18.100000
0.000000
0.000000
0.000000
0.000000
0.000000
0.000000
0.000000
0.000000
34.728571
48.100000
50.571429
115.957143
191.157143
246.414286
318.200000
431.271429
401.657143
190.957143
280.785714
331.171429
281.771429
142.814286
62.485714
24.514286
0.000000
0.000000
0.000000
0.000000
0.000000
0.000000
0.000000
0.000000
37.385714
157.957143
319.328571
491.785714
584.785714
572.500000
664.642857
619.700000
736.871429
822.571429
572.957143
247.042857
138.428571
113.385714
111.400000
29.400000
0.000000
0.000000
0.000000
0.000000
0.000000
0.000000
0.000000
0.000000
39.785714
149.728571
263.042857
362.571429
562.800000
749.914286
636.342857
646.114286
856.514286
834.357143
728.200000
583.971429
366.857143
327.885714
141.928571
31.757143
0.000000
0.000000
0.000000
0.000000
0.000000
0.000000
0.000000
0.000000
6.657143
38.542857
227.285714
374.000000
383.157143
451.000000
283.085714
206.528571
455.428571
598.928571
577.671429
660.442857
513.900000
343.342857
183.271429
55.114286
0.000000
0.000000
0.000000
0.000000
0.000000
0.000000
0.000000
0.000000
34.071429
155.057143
331.185714
493.242857
572.014286
632.057143
715.928571
361.242857
275.128571
549.457143
634.257143
497.700000
369.600000
273.414286
181.257143
54.014286
0.000000
0.000000
0.000000
0.000000
0.000000
0.000000
0.000000
0.000000
18.000000
75.100000
153.771429
180.957143
223.714286
363.900000
597.371429
722.457143
886.285714
862.900000
683.800000
497.185714
474.928571
352.514286
182.242857
33.814286
0.000000
0.000000
0.000000
0.000000
0.000000
0.000000
0.000000
0.000000
3.814286
71.514286
179.428571
185.257143
179.000000
204.457143
200.700000
206.514286
214.800000
136.300000
137.457143
141.542857
167.457143
126.471429
80.414286
46.785714
0.000000
0.000000
0.000000
0.000000
0.000000
0.000000
0.000000
0.000000
13.785714
35.285714
46.842857
92.757143
148.014286
153.628571
157.842857
151.642857
141.814286
133.200000
131.400000
148.557143
94.557143
40.228571
46.542857
17.714286
0.000000
0.000000
0.000000
0.000000
0.000000
0.000000
0.000000
0.000000
4.100000
73.428571
250.871429
333.471429
373.685714
552.828571
705.942857
835.985714
903.157143
794.814286
731.185714
540.500000
304.857143
290.685714
174.014286
48.700000
0.000000
0.000000
0.000000
0.000000
0.000000
0.000000
0.000000
0.000000
35.528571
162.614286
319.457143
478.242857
631.171429
717.814286
716.728571
728.800000
769.714286
742.571429
750.785714
605.685714
501.342857
308.857143
148.271429
54.242857
0.000000
0.000000
0.000000
0.000000
0.000000
0.000000
0.000000
0.000000
30.842857
79.442857
267.285714
445.528571
573.885714
652.685714
713.200000
635.828571
647.757143
597.214286
477.700000
297.100000
126.814286
54.542857
30.128571
10.171429
0.000000
0.000000
0.000000
0.000000
0.000000
0.000000
0.000000
0.000000
8.328571
34.028571
144.128571
307.400000
321.000000
415.685714
459.814286
473.271429
625.614286
445.571429
536.357143
478.700000
333.971429
143.228571
34.857143
19.928571
0.000000
0.000000
0.000000
0.000000
0.000000
0.000000
0.000000
0.000000
3.100000
18.300000
44.600000
76.885714
113.271429
187.071429
242.871429
183.057143
191.257143
268.685714
230.214286
219.857143
169.457143
146.071429
116.628571
40.442857
0.000000
0.000000
0.000000
0.000000
0.000000
0.000000
0.000000
0.000000
6.000000
69.285714
296.528571
474.557143
599.628571
698.457143
752.900000
395.742857
249.485714
361.471429
582.471429
430.671429
167.571429
81.900000
93.828571
18.057143
0.000000
0.000000
0.000000
0.000000
0.000000
0.000000
0.000000
0.000000
4.128571
17.057143
64.914286
162.157143
319.485714
472.114286
602.657143
641.585714
580.142857
624.185714
595.871429
488.985714
412.742857
339.457143
185.871429
52.914286
0.000000
0.000000
0.000000
0.000000
0.000000
0.000000
0.000000
0.000000
26.228571
108.457143
272.771429
368.757143
544.885714
727.214286
838.500000
904.100000
903.071429
845.014286
769.542857
640.428571
372.928571
209.114286
116.314286
19.028571
0.000000
0.000000
0.000000
0.000000
0.000000
0.000000
0.000000
0.000000
32.000000
64.157143
27.771429
105.528571
357.914286
697.685714
842.814286
895.042857
861.128571
789.685714
598.042857
506.871429
414.457143
207.985714
139.228571
53.128571
0.000000
0.000000
0.000000
0.000000
0.000000
0.000000
0.000000
0.000000
18.028571
90.700000
265.185714
438.600000
518.542857
602.128571
524.871429
431.414286
309.400000
212.528571
178.400000
128.900000
175.671429
131.571429
117.785714
52.471429
0.000000
0.000000
0.000000
0.000000
0.000000
0.000000
0.000000
0.000000
22.700000
129.185714
251.985714
390.671429
517.000000
533.771429
697.871429
836.428571
772.542857
345.400000
210.442857
233.314286
184.428571
84.885714
83.614286
13.385714
0.000000
0.000000
0.000000
0.000000
0.000000
0.000000
0.000000
0.000000
26.342857
67.628571
98.957143
123.428571
222.400000
214.357143
149.557143
167.942857
158.971429
147.442857
173.314286
169.400000
106.571429
136.785714
94.928571
5.457143
0.000000
0.000000
0.000000
0.000000
0.000000
0.000000
0.000000
0.000000
7.571429
62.900000
145.885714
221.185714
312.114286
291.114286
349.071429
292.085714
335.857143
435.728571
588.000000
575.700000
493.257143
356.985714
190.214286
51.542857
0.000000
0.000000
0.000000
0.000000
0.000000
0.000000
0.000000
0.000000
2.385714
17.157143
50.357143
136.157143
279.500000
556.942857
665.600000
680.900000
771.228571
536.042857
627.014286
427.614286
309.442857
124.828571
19.242857
5.957143
0.000000
0.000000
0.000000
0.000000
0.000000
0.000000
0.000000
0.000000
20.800000
117.228571
105.328571
113.128571
370.314286
748.214286
860.014286
908.042857
920.957143
861.514286
733.314286
468.400000
102.385714
124.400000
137.571429
9.028571
0.000000
0.000000
0.000000
0.000000
0.000000
0.000000
0.000000
0.000000
27.657143
41.885714
214.100000
371.928571
507.785714
430.785714
481.071429
391.885714
286.842857
327.300000
130.685714
92.300000
65.385714
131.428571
177.471429
52.071429
0.000000
0.000000
0.000000
0.000000
0.000000
0.000000
0.000000
0.000000
33.057143
150.485714
304.157143
475.100000
631.614286
718.228571
774.571429
859.842857
630.542857
516.414286
493.157143
274.757143
360.071429
116.242857
110.242857
46.300000
0.000000
0.000000
0.000000
0.000000
0.000000
0.000000
0.000000
0.000000
34.114286
149.942857
298.700000
461.642857
576.728571
667.085714
720.128571
676.600000
711.228571
680.914286
617.228571
580.457143
470.828571
306.314286
122.514286
30.757143
0.000000
0.000000
0.000000
0.000000
0.000000
0.000000
0.000000
0.000000
4.771429
71.371429
213.714286
322.128571
488.985714
573.985714
553.371429
562.728571
631.071429
627.714286
481.228571
333.514286
439.128571
342.928571
176.042857
50.728571
0.000000
0.000000
0.000000
0.000000
0.000000
0.000000
0.000000
0.000000
6.971429
33.757143
43.842857
247.385714
571.842857
490.357143
512.900000
581.300000
794.014286
720.742857
714.285714
582.842857
429.571429
267.571429
145.385714
34.900000
0.000000
0.000000
0.000000
0.000000
0.000000
0.000000
0.000000
0.000000
9.700000
52.528571
103.085714
341.557143
494.271429
477.085714
628.271429
457.528571
456.771429
745.414286
313.914286
105.628571
105.128571
209.528571
158.971429
49.928571
0.000000
0.000000
0.000000
0.000000
0.000000
0.000000
0.000000
0.000000
3.085714
45.571429
89.685714
104.300000
100.185714
225.828571
352.885714
305.114286
224.071429
312.614286
547.928571
372.714286
212.671429
192.700000
130.128571
34.314286
0.000000
0.000000
0.000000
0.000000
0.000000
0.000000
0.000000
0.000000
3.742857
15.471429
78.257143
204.142857
309.014286
499.757143
314.442857
376.671429
425.300000
305.757143
349.857143
376.500000
434.685714
311.800000
137.400000
38.342857
0.000000
0.000000
0.000000
0.000000
0.000000
0.000000
0.000000
0.000000
20.171429
95.528571
221.271429
451.285714
539.228571
563.214286
594.057143
427.314286
640.942857
549.342857
349.900000
154.128571
138.800000
179.471429
28.885714
7.071429
0.000000
0.000000
0.000000
0.000000
0.000000
0.000000
0.000000
0.000000
8.957143
18.971429
43.814286
65.928571
298.442857
523.514286
576.471429
477.128571
586.071429
461.600000
169.242857
338.514286
321.828571
84.285714
84.128571
32.685714
0.000000
0.000000
0.000000
0.000000
0.000000
0.000000
0.000000
0.000000
2.000000
12.600000
37.028571
80.157143
159.714286
297.042857
517.585714
543.971429
477.242857
557.028571
492.600000
437.771429
254.085714
137.257143
108.414286
34.142857
0.000000
0.000000
0.000000
0.000000
0.000000
0.000000
0.000000
0.000000
2.471429
25.928571
48.900000
71.257143
137.814286
164.257143
200.157143
297.685714
254.542857
472.671429
581.228571
529.128571
343.100000
196.485714
130.214286
26.285714
0.000000
0.000000
0.000000
0.000000
0.000000
0.000000
0.000000
0.000000
5.928571
29.342857
101.557143
256.128571
224.071429
369.628571
372.428571
290.471429
322.514286
258.285714
276.457143
452.642857
418.257143
246.242857
134.057143
23.542857
0.000000
0.000000
0.000000
0.000000
0.000000
0.000000
0.000000
0.000000
4.771429
79.942857
178.942857
231.385714
189.171429
257.028571
373.100000
499.042857
543.200000
463.857143
381.871429
327.085714
133.314286
85.671429
44.957143
12.314286
0.000000
0.000000
0.000000
0.000000
0.000000
0.000000
0.000000
0.000000
4.014286
46.857143
186.571429
405.128571
540.128571
614.571429
469.728571
515.614286
451.214286
394.742857
246.442857
277.085714
158.271429
120.928571
57.228571
4.142857
0.000000
0.000000
0.000000
0.000000
0.000000
0.000000
0.000000
0.000000
2.700000
22.771429
111.985714
353.500000
569.457143
634.142857
617.300000
562.914286
514.014286
417.714286
644.214286
556.557143
239.128571
115.314286
73.428571
26.057143
0.000000
0.000000
0.000000
0.000000
0.000000
0.000000
0.000000
0.000000
16.128571
111.271429
254.142857
409.071429
565.171429
700.514286
797.371429
844.957143
858.285714
828.185714
755.471429
627.900000
475.771429
312.957143
157.857143
32.885714
0.000000
0.000000
0.000000
0.000000
0.000000
0.000000
0.000000
0.000000
13.485714
107.371429
257.857143
427.671429
585.000000
713.128571
814.142857
859.500000
873.757143
835.614286
755.028571
628.714286
472.942857
302.300000
145.542857
25.828571
0.000000
0.000000
0.000000
0.000000
0.000000
0.000000
0.000000
0.000000
8.200000
87.028571
236.528571
405.628571
523.514286
657.428571
765.428571
781.185714
786.400000
753.171429
669.585714
513.028571
239.228571
144.000000
55.757143
5.257143
0.000000
0.000000
0.000000
0.000000
0.000000
0.000000
0.000000
0.000000
9.142857
76.214286
210.514286
381.885714
542.228571
673.200000
774.771429
807.128571
796.842857
714.200000
505.514286
289.357143
279.042857
259.585714
67.285714
6.071429
0.000000
0.000000
0.000000
0.000000
0.000000
0.000000
0.000000
0.000000
4.857143
69.314286
211.785714
384.500000
547.985714
679.157143
760.185714
757.442857
765.428571
765.142857
681.142857
559.914286
431.628571
265.642857
117.571429
15.957143
0.000000
0.000000
0.000000
0.000000
0.000000
0.000000
0.000000
0.000000
2.628571
40.571429
106.242857
269.542857
548.042857
661.785714
659.500000
438.357143
599.728571
253.242857
254.942857
336.571429
117.914286
123.657143
68.414286
12.271429
0.000000
0.000000
0.000000
0.000000
0.000000
0.000000
0.000000
0.000000
1.114286
9.614286
43.100000
90.042857
191.914286
373.571429
502.814286
487.742857
260.928571
162.785714
222.628571
295.385714
290.257143
172.014286
101.871429
18.357143
0.000000
0.000000
0.000000
0.000000
0.000000
0.000000
0.000000
0.000000
1.685714
73.871429
228.071429
412.842857
590.300000
712.157143
739.085714
524.128571
504.328571
130.871429
277.228571
429.342857
289.214286
244.742857
89.071429
4.685714
0.000000
0.000000
0.000000
0.000000
0.000000
0.000000
0.000000
0.000000
1.000000
24.814286
209.028571
346.742857
494.457143
692.728571
706.942857
651.271429
673.942857
537.028571
340.514286
207.085714
236.042857
200.714286
99.728571
11.014286
0.000000
0.000000
0.000000
0.000000
0.000000
0.000000
0.000000
0.000000
11.000000
77.314286
211.242857
358.557143
488.085714
609.657143
764.128571
858.671429
863.200000
818.928571
720.457143
597.985714
455.042857
296.457143
139.057143
16.814286
0.000000
0.000000
0.000000
0.000000
0.000000
0.000000
0.000000
0.000000
7.985714
32.657143
153.714286
410.157143
570.228571
707.300000
799.971429
802.071429
715.100000
714.071429
480.771429
341.300000
386.828571
153.500000
21.142857
11.757143
0.000000
0.000000
0.000000
0.000000
0.000000
0.000000
0.000000
0.000000
1.614286
11.200000
29.000000
85.057143
278.842857
444.442857
492.257143
425.928571
427.957143
394.471429
430.257143
184.642857
333.542857
236.442857
124.857143
13.014286
0.000000
0.000000
0.000000
0.000000
0.000000
0.000000
0.000000
0.000000
5.157143
64.514286
208.228571
353.585714
441.742857
339.685714
361.900000
350.028571
463.271429
553.700000
501.042857
539.757143
473.371429
300.100000
133.514286
13.214286
0.000000
0.000000
0.000000
0.000000
0.000000
0.000000
0.000000
0.000000
2.657143
45.014286
185.042857
185.371429
191.614286
359.371429
401.628571
480.857143
541.157143
377.514286
337.414286
527.957143
416.271429
242.471429
113.371429
14.600000
0.000000
0.000000
0.000000
0.000000
0.000000
0.000000
0.000000
0.000000
1.000000
12.157143
78.057143
265.785714
194.757143
359.671429
466.314286
206.257143
162.242857
158.914286
196.157143
237.485714
385.414286
114.414286
23.471429
2.185714
0.000000
0.000000
0.000000
0.000000
0.000000
0.000000
0.000000
0.000000
4.142857
36.814286
146.814286
393.314286
470.828571
483.228571
680.114286
463.614286
619.385714
573.471429
318.528571
355.914286
284.314286
87.400000
35.542857
4.342857
0.000000
0.000000
0.000000
0.000000
0.000000
0.000000
0.000000
0.000000
0.214286
15.985714
140.542857
325.157143
317.614286
493.785714
588.642857
532.185714
545.200000
318.757143
410.485714
409.214286
285.157143
243.214286
93.942857
7.885714
0.000000
0.000000
0.000000
0.000000
0.000000
0.000000
0.000000
0.000000
0.685714
24.857143
106.414286
179.528571
303.885714
325.071429
289.028571
232.514286
216.728571
632.414286
637.171429
286.042857
242.914286
103.042857
45.000000
2.157143
0.000000
0.000000
0.000000
0.000000
0.000000
0.000000
0.000000
0.000000
0.171429
22.071429
60.042857
147.000000
312.042857
461.985714
506.600000
328.742857
267.614286
320.057143
411.742857
500.942857
388.214286
221.171429
68.200000
0.271429
0.000000
0.000000
0.000000
0.000000
0.000000
0.000000
0.000000
0.000000
0.000000
17.785714
79.885714
208.300000
289.600000
426.414286
523.828571
532.457143
504.300000
403.628571
439.957143
261.285714
320.914286
240.328571
92.771429
4.385714
0.000000
0.000000
0.000000
0.000000
0.000000
0.000000
0.000000
0.000000
1.000000
43.928571
181.471429
372.714286
532.214286
681.585714
775.342857
691.400000
604.628571
620.128571
573.514286
537.457143
415.342857
257.757143
96.400000
4.000000
0.000000
0.000000
0.000000
0.000000
0.000000
0.000000
0.000000
0.000000
0.000000
43.885714
175.485714
323.871429
518.928571
651.157143
724.528571
714.014286
665.357143
691.728571
658.028571
522.700000
364.057143
223.628571
83.028571
0.000000
0.000000
0.000000
0.000000
0.000000
0.000000
0.000000
0.000000
0.000000
0.157143
39.957143
174.328571
367.071429
526.800000
663.142857
747.157143
761.142857
495.185714
701.157143
651.714286
537.271429
392.700000
240.957143
82.342857
0.000000
0.000000
0.000000
0.000000
0.000000
0.000000
0.000000
0.000000
0.000000
0.000000
38.742857
166.614286
348.585714
498.171429
629.357143
738.800000
807.614286
809.700000
774.585714
693.885714
560.885714
400.671429
234.185714
78.000000
0.000000
0.000000
0.000000
0.000000
0.000000
0.000000
0.000000
0.000000
0.000000
0.000000
32.342857
148.842857
328.771429
456.057143
514.157143
341.357143
222.114286
178.200000
156.400000
138.085714
151.514286
83.528571
48.428571
20.400000
0.000000
0.000000
0.000000
0.000000
0.000000
0.000000
0.000000
0.000000
0.000000
0.000000
17.671429
100.628571
297.285714
422.114286
483.942857
507.728571
572.685714
644.714286
595.671429
496.357143
513.642857
396.571429
226.814286
72.557143
0.000000
0.000000
0.000000
0.000000
0.000000
0.000000
0.000000
0.000000
0.000000
0.000000
31.400000
155.342857
337.857143
493.128571
624.828571
719.385714
768.128571
750.000000
673.428571
618.628571
495.457143
373.200000
184.871429
46.300000
0.000000
0.000000
0.000000
0.000000
0.000000
0.000000
0.000000
0.000000
0.000000
0.000000
33.871429
157.728571
339.714286
493.342857
625.485714
726.171429
781.271429
781.242857
745.342857
662.614286
527.800000
365.971429
200.600000
57.828571
0.000000
0.000000
0.000000
0.000000
0.000000
0.000000
0.000000
0.000000
0.000000
0.000000
23.271429
127.185714
296.328571
450.471429
587.257143
690.271429
744.571429
723.557143
713.171429
622.628571
466.114286
319.700000
172.542857
39.985714
0.000000
0.000000
0.000000
0.000000
0.000000
0.000000
0.000000
0.000000
0.000000
0.000000
11.385714
82.500000
232.200000
382.500000
578.985714
700.014286
730.014286
681.471429
674.214286
593.900000
401.814286
242.685714
149.757143
9.357143
0.000000
0.000000
0.000000
0.000000
0.000000
0.000000
0.000000
0.000000
0.000000
0.000000
5.428571
70.357143
227.142857
269.428571
284.542857
447.700000
692.228571
429.814286
330.471429
414.300000
470.428571
334.985714
176.114286
41.600000
0.000000
0.000000
0.000000
0.000000
0.000000
0.000000
0.000000
0.000000
0.000000
0.000000
23.657143
133.785714
316.028571
476.728571
541.528571
534.571429
633.885714
719.600000
698.971429
629.414286
496.600000
337.728571
178.642857
45.514286
0.000000
0.000000
0.000000
0.000000
0.000000
0.000000
0.000000
0.000000
0.000000
0.000000
4.000000
26.771429
176.328571
323.171429
273.528571
136.885714
235.857143
367.042857
229.300000
188.100000
196.328571
210.257143
129.771429
23.271429
0.000000
0.000000
0.000000
0.000000
0.000000
0.000000
0.000000
0.000000
0.000000
0.000000
4.328571
94.957143
309.785714
442.457143
472.871429
545.714286
520.657143
443.971429
599.057143
555.642857
479.900000
284.328571
136.914286
19.957143
0.000000
0.000000
0.000000
0.000000
0.000000
0.000000
0.000000
0.000000
0.000000
0.000000
9.457143
73.885714
137.714286
329.842857
546.657143
553.685714
428.471429
398.142857
445.200000
217.442857
128.685714
142.142857
157.200000
17.442857
0.000000
0.000000
0.000000
0.000000
0.000000
0.000000
0.000000
0.000000
0.000000
0.000000
6.528571
78.485714
241.685714
376.457143
498.800000
532.257143
500.185714
406.271429
457.700000
531.771429
458.900000
321.100000
176.171429
37.014286
0.000000
0.000000
0.000000
0.000000
0.000000
0.000000
0.000000
0.000000
0.000000
0.000000
21.714286
130.142857
310.700000
468.142857
511.428571
465.600000
603.271429
641.057143
602.485714
474.414286
185.300000
140.342857
140.200000
29.728571
0.000000
0.000000
0.000000
0.000000
0.000000
0.000000
0.000000
0.000000
0.000000
0.000000
17.200000
113.685714
275.128571
429.942857
579.228571
680.228571
719.657143
702.628571
660.357143
577.471429
447.357143
272.028571
140.971429
22.628571
0.000000
0.000000
0.000000
0.000000
0.000000
0.000000
0.000000
0.000000
0.000000
0.000000
18.000000
82.585714
181.400000
244.514286
301.428571
203.271429
139.128571
216.785714
274.971429
138.385714
71.800000
53.114286
70.442857
25.342857
0.000000
0.000000
0.000000
0.000000
0.000000
0.000000
0.000000
0.000000
0.000000
0.000000
40.528571
92.900000
52.657143
59.285714
68.142857
90.385714
129.342857
178.685714
192.828571
205.757143
114.471429
53.157143
35.614286
2.000000
0.000000
0.000000
0.000000
0.000000
0.000000
0.000000
0.000000
0.000000
0.000000
0.000000
5.514286
25.128571
85.728571
162.871429
318.414286
455.500000
525.242857
441.914286
246.357143
125.357143
104.685714
80.857143
32.585714
2.000000
0.000000
0.000000
0.000000
0.000000
0.000000
0.000000
0.000000
0.000000
0.000000
0.000000
16.885714
141.071429
322.071429
492.142857
633.585714
615.871429
275.185714
254.557143
389.700000
216.871429
106.300000
67.314286
53.328571
2.000000
0.000000
0.000000
0.000000
0.000000
0.000000
0.000000
0.000000
0.000000
0.000000
0.000000
19.057143
127.614286
286.757143
445.228571
566.014286
623.514286
653.328571
634.871429
626.642857
569.328571
444.314286
285.785714
97.885714
1.128571
0.000000
0.000000
0.000000
0.000000
0.000000
0.000000
0.000000
0.000000
0.000000
0.000000
2.242857
77.471429
264.871429
432.685714
575.957143
634.600000
571.728571
445.385714
485.114286
490.542857
408.085714
294.428571
125.300000
2.000000
0.000000
0.000000
0.000000
0.000000
0.000000
0.000000
0.000000
0.000000
0.000000
0.000000
14.214286
75.057143
123.900000
192.185714
224.314286
164.557143
152.385714
107.900000
106.571429
126.142857
110.728571
62.000000
26.428571
2.000000
0.000000
0.000000
0.000000
0.000000
0.000000
0.000000
0.000000
0.000000
0.000000
0.000000
6.028571
59.328571
188.857143
362.642857
407.814286
491.985714
607.814286
662.985714
594.600000
514.600000
410.585714
270.200000
115.842857
1.742857
0.000000
0.000000
0.000000
0.000000
0.000000
0.000000
0.000000
0.000000
0.000000
0.000000
11.000000
82.442857
206.742857
337.657143
426.542857
306.800000
187.285714
180.957143
176.657143
162.557143
162.085714
139.885714
83.757143
1.000000
0.000000
0.000000
0.000000
0.000000
0.000000
0.000000
0.000000
0.000000
0.000000
0.000000
3.257143
37.257143
112.785714
206.142857
272.400000
208.785714
165.900000
134.657143
245.528571
224.628571
247.442857
189.342857
87.600000
1.000000
0.000000
0.000000
0.000000
0.000000
0.000000
0.000000
0.000000
0.000000
0.000000
0.000000
11.671429
104.328571
248.342857
395.685714
536.028571
610.857143
650.714286
654.300000
613.485714
517.042857
383.557143
230.857143
82.185714
0.000000
0.000000
0.000000
0.000000
0.000000
0.000000
0.000000
0.000000
0.000000
0.000000
0.000000
12.000000
103.285714
256.600000
408.200000
535.214286
633.642857
683.985714
693.400000
640.185714
543.457143
403.014286
249.214286
95.271429
0.000000
0.000000
0.000000
0.000000
0.000000
0.000000
0.000000
0.000000
0.000000
0.000000
0.000000
10.828571
97.628571
257.600000
419.100000
557.571429
667.771429
553.685714
135.828571
61.914286
181.185714
192.071429
232.857143
79.871429
0.000000
0.000000
0.000000
0.000000
0.000000
0.000000
0.000000
0.000000
0.000000
0.000000
0.000000
1.000000
13.471429
41.828571
58.528571
95.142857
156.328571
204.942857
240.500000
331.042857
280.057143
146.314286
60.471429
16.385714
0.000000
0.000000
0.000000
0.000000
0.000000
0.000000
0.000000
0.000000
0.000000
0.000000
0.000000
1.000000
20.971429
131.457143
288.700000
497.228571
621.814286
574.600000
358.471429
392.128571
328.057143
192.985714
203.500000
82.914286
0.000000
0.000000
0.000000
0.000000
0.000000
0.000000
0.000000
0.000000
0.000000
0.000000
0.000000
9.000000
92.385714
215.971429
238.571429
366.542857
623.028571
681.971429
688.214286
624.942857
422.200000
152.314286
181.914286
50.185714
0.000000
0.000000
0.000000
0.000000
0.000000
0.000000
0.000000
0.000000
0.000000
0.000000
0.000000
6.685714
66.428571
212.528571
294.042857
283.557143
161.471429
234.057143
262.014286
165.400000
268.128571
110.528571
124.342857
58.557143
0.000000
0.000000
0.000000
0.000000
0.000000
0.000000
0.000000
0.000000
0.000000
0.000000
0.000000
6.000000
75.414286
212.700000
348.914286
485.000000
595.914286
636.185714
654.771429
603.414286
507.371429
375.728571
213.385714
65.057143
0.000000
0.000000
0.000000
0.000000
0.000000
0.000000
0.000000
0.000000
0.000000
0.000000
0.000000
2.285714
48.657143
162.800000
241.957143
316.500000
380.114286
506.185714
566.014286
484.414286
435.571429
319.985714
161.885714
49.271429
0.000000
0.000000
0.000000
0.000000
0.000000
0.000000
0.000000
0.000000
0.000000
0.000000
0.000000
4.914286
72.814286
220.785714
370.457143
489.257143
579.957143
636.614286
642.300000
582.500000
488.371429
335.528571
183.728571
42.385714
0.000000
0.000000
0.000000
0.000000
0.000000
0.000000
0.000000
0.000000
0.000000
0.000000
0.000000
4.985714
59.671429
195.328571
365.957143
454.814286
446.885714
442.814286
416.828571
339.714286
176.714286
153.457143
159.857143
47.557143
0.000000
0.000000
0.000000
0.000000
0.000000
0.000000
0.000000
0.000000
0.000000
0.000000
0.000000
3.657143
67.042857
223.485714
370.557143
414.771429
429.871429
379.314286
438.942857
396.414286
345.400000
301.571429
187.442857
41.442857
0.000000
0.000000
0.000000
0.000000
0.000000
0.000000
0.000000
0.000000
0.000000
0.000000
0.000000
2.000000
53.485714
173.385714
315.785714
423.671429
524.400000
521.271429
440.785714
353.942857
277.814286
201.542857
130.485714
30.485714
0.000000
0.000000
0.000000
0.000000
0.000000
0.000000
0.000000
0.000000
0.000000
0.000000
0.000000
1.700000
57.771429
181.028571
218.457143
236.857143
223.900000
330.914286
185.157143
134.300000
222.471429
276.000000
184.414286
37.085714
0.000000
0.000000
0.000000
0.000000
0.000000
0.000000
0.000000
0.000000
0.000000
0.000000
0.000000
0.000000
51.171429
190.957143
315.614286
428.114286
442.785714
509.857143
547.914286
435.385714
352.728571
200.157143
112.514286
26.185714
0.000000
0.000000
0.000000
0.000000
0.000000
0.000000
0.000000
0.000000
0.000000
0.000000
0.000000
0.000000
27.414286
114.114286
209.471429
236.200000
431.957143
587.042857
522.357143
371.628571
180.942857
155.385714
111.700000
22.400000
0.000000
0.000000
0.000000
0.000000
0.000000
0.000000
0.000000
0.000000
0.000000
0.000000
0.000000
0.000000
53.985714
185.571429
340.371429
474.071429
553.242857
559.371429
518.028571
378.742857
244.342857
216.700000
135.814286
16.442857
0.000000
0.000000
0.000000
0.000000
0.000000
0.000000
0.000000
0.000000
0.000000
0.000000
0.000000
0.000000
39.885714
145.357143
201.700000
281.100000
376.528571
475.414286
552.985714
409.614286
388.071429
269.071429
85.114286
12.828571
0.000000
0.000000
0.000000
0.000000
0.000000
0.000000
0.000000
0.000000
0.000000
0.000000
0.000000
0.000000
4.000000
39.185714
155.528571
387.985714
496.071429
493.085714
395.928571
411.600000
298.057143
228.928571
151.200000
22.414286
0.000000
0.000000
0.000000
0.000000
0.000000
0.000000
0.000000
0.000000
0.000000
0.000000
0.000000
0.000000
25.671429
158.142857
245.728571
165.242857
182.057143
252.942857
405.814286
382.285714
347.657143
250.114286
152.785714
18.842857
0.000000
0.000000
0.000000
0.000000
0.000000
0.000000
0.000000
0.000000
0.000000
0.000000
0.000000
0.000000
24.214286
132.200000
286.428571
384.928571
480.885714
391.228571
237.942857
301.028571
321.871429
165.057143
70.728571
9.142857
0.000000
0.000000
0.000000
0.000000
0.000000
0.000000
0.000000
0.000000
0.000000
0.000000
0.000000
0.000000
41.000000
171.457143
316.185714
439.357143
527.442857
570.757143
560.385714
505.171429
410.871429
282.000000
127.528571
14.014286
0.000000
0.000000
0.000000
0.000000
0.000000
0.000000
0.000000
0.000000
0.000000
0.000000
0.000000
0.000000
20.428571
117.271429
277.800000
388.728571
363.971429
360.985714
338.942857
271.428571
147.985714
139.000000
93.471429
1.000000
0.000000
0.000000
0.000000
0.000000
0.000000
0.000000
0.000000
0.000000
0.000000
0.000000
0.000000
0.000000
25.000000
155.700000
314.714286
438.200000
520.185714
551.128571
534.114286
435.957143
342.128571
243.128571
115.871429
0.000000
0.000000
0.000000
0.000000
0.000000
0.000000
0.000000
0.000000
0.000000
0.000000
0.000000
0.000000
0.000000
25.057143
109.885714
233.900000
288.357143
285.142857
390.085714
562.057143
501.628571
301.714286
221.185714
65.157143
0.000000
0.000000
0.000000
0.000000
0.000000
0.000000
0.000000
0.000000
0.000000
0.000000
0.000000
0.000000
0.000000
16.414286
73.028571
104.228571
126.728571
182.171429
219.571429
157.171429
122.557143
72.485714
63.871429
27.357143
0.000000
0.000000
0.000000
0.000000
0.000000
0.000000
0.000000
0.000000
0.000000
0.000000
0.000000
0.000000
0.000000
13.185714
85.285714
118.071429
104.014286
117.185714
135.714286
106.400000
146.214286
129.214286
49.442857
33.271429
0.000000
0.000000
0.000000
0.000000
0.000000
0.000000
0.000000
0.000000
0.000000
0.000000
0.000000
0.000000
0.000000
20.457143
103.371429
146.328571
242.714286
382.785714
270.000000
169.500000
242.242857
119.000000
59.742857
46.014286
0.000000
0.000000
0.000000
0.000000
0.000000
0.000000
0.000000
0.000000
0.000000
0.000000
0.000000
0.000000
0.000000
2.200000
48.471429
129.557143
285.128571
490.114286
411.428571
213.400000
271.728571
273.128571
205.314286
82.357143
0.000000
0.000000
0.000000
0.000000
0.000000
0.000000
0.000000
0.000000
0.000000
0.000000
0.000000
0.000000
0.000000
8.642857
94.228571
174.085714
270.671429
398.528571
287.514286
229.357143
194.957143
160.871429
183.342857
71.857143
0.000000
0.000000
0.000000
0.000000
0.000000
0.000000
0.000000
0.000000
0.000000
0.000000
0.000000
0.000000
0.000000
21.028571
141.385714
247.400000
344.242857
312.100000
246.028571
112.342857
223.057143
348.571429
241.642857
69.057143
0.000000
0.000000
0.000000
0.000000
0.000000
0.000000
0.000000
0.000000
0.000000
0.000000
0.000000
0.000000
0.000000
4.000000
43.614286
158.142857
250.871429
203.342857
182.700000
127.742857
145.314286
68.214286
49.285714
27.900000
0.000000
0.000000
0.000000
0.000000
0.000000
0.000000
0.000000
0.000000
0.000000
0.000000
0.000000
0.000000
0.000000
8.157143
51.757143
93.857143
147.614286
208.900000
333.157143
283.571429
173.571429
229.742857
199.614286
71.071429
0.000000
0.000000
0.000000
0.000000
0.000000
0.000000
0.000000
0.000000
0.000000
0.000000
0.000000
0.000000
0.000000
15.942857
118.628571
258.542857
381.114286
462.700000
482.528571
369.842857
258.442857
144.828571
68.542857
17.628571
0.000000
0.000000
0.000000
0.000000
0.000000
0.000000
0.000000
0.000000
0.000000
0.000000
0.000000
0.000000
0.000000
15.871429
113.985714
240.200000
366.600000
452.300000
500.242857
491.585714
433.685714
321.342857
162.085714
47.300000
0.000000
0.000000
0.000000
0.000000
0.000000
0.000000
0.000000
0.000000
0.000000
0.000000
0.000000
0.000000
0.000000
5.757143
61.542857
131.085714
118.814286
234.500000
380.542857
294.171429
298.085714
242.757143
107.714286
30.442857
0.000000
0.000000
0.000000
0.000000
0.000000
0.000000
0.000000
0.000000
0.000000
0.000000
0.000000
0.000000
0.000000
1.500000
16.371429
42.542857
76.814286
85.314286
137.128571
110.828571
83.800000
74.928571
55.357143
16.485714
0.000000
0.000000
0.000000
0.000000
0.000000
0.000000
0.000000
0.000000
0.000000
0.000000
0.000000
0.000000
0.000000
2.285714
57.042857
167.642857
340.285714
446.828571
460.314286
414.585714
393.628571
311.300000
190.414286
53.185714
0.000000
0.000000
0.000000
0.000000
0.000000
0.000000
0.000000
0.000000
0.000000
0.000000
0.000000
0.000000
0.000000
7.485714
91.571429
237.585714
355.842857
415.400000
444.642857
429.142857
397.842857
294.442857
117.528571
26.014286
0.000000
0.000000
0.000000
0.000000
0.000000
0.000000
0.000000
0.000000
0.000000
0.000000
0.000000
0.000000
0.000000
9.642857
91.957143
228.771429
347.828571
431.800000
473.371429
421.557143
402.842857
308.885714
169.214286
33.300000
0.000000
0.000000
0.000000
0.000000
0.000000
0.000000
0.000000
0.000000
0.000000
0.000000
0.000000
0.000000
0.000000
8.085714
90.000000
228.728571
343.042857
425.528571
466.200000
454.171429
398.857143
302.300000
166.314286
34.028571
0.000000
0.000000
0.000000
0.000000
0.000000
0.000000
0.000000
0.000000
0.000000
0.000000
0.000000
0.000000
0.000000
7.000000
81.414286
218.600000
334.885714
409.785714
456.400000
443.800000
388.485714
294.614286
168.757143
30.214286
0.000000
0.000000
0.000000
0.000000
0.000000
0.000000
0.000000
0.000000
0.000000
0.000000
0.000000
0.000000
0.000000
4.428571
64.085714
183.485714
305.185714
399.957143
441.857143
433.314286
376.685714
281.157143
149.385714
23.071429
0.000000
0.000000
0.000000
0.000000
0.000000
0.000000
0.000000
0.000000
0.000000
0.000000
0.000000
0.000000
0.000000
0.000000
28.971429
74.971429
86.842857
83.957143
84.185714
80.014286
72.557143
60.071429
47.914286
5.985714
0.000000
0.000000
0.000000
0.000000
0.000000
0.000000
0.000000
0.000000
0.000000
0.000000
0.000000
0.000000
0.000000
0.000000
22.214286
71.342857
92.357143
73.842857
60.157143
49.214286
47.500000
39.328571
25.200000
5.000000
0.000000
0.000000
0.000000
0.000000
0.000000
0.000000
0.000000
0.000000
0.000000
0.000000
0.000000
0.000000
0.000000
0.242857
17.771429
62.385714
100.100000
65.014286
62.842857
44.771429
48.257143
39.457143
24.614286
4.971429
0.000000
0.000000
0.000000
0.000000
0.000000
0.000000
0.000000
0.000000
0.000000
0.000000
0.000000
0.000000
0.000000
0.000000
11.242857
34.171429
39.028571
75.314286
61.542857
48.785714
53.528571
48.757143
28.071429
3.828571
0.000000
0.000000
0.000000
0.000000
0.000000
0.000000
0.000000
0.000000
0.000000
0.000000
0.000000
0.000000
0.000000
2.000000
61.942857
209.828571
299.028571
314.228571
296.000000
245.985714
175.857143
125.971429
66.314286
4.300000
0.000000
0.000000
0.000000
0.000000
0.000000
0.000000
0.000000
0.000000
0.000000
0.000000
0.000000
0.000000
0.000000
0.000000
4.042857
17.700000
29.171429
51.142857
55.885714
54.071429
53.942857
30.357143
18.485714
2.228571
0.000000
0.000000
0.000000
0.000000
0.000000
0.000000
0.000000
0.000000
0.000000
0.000000
0.000000
0.000000
0.000000
0.000000
42.557143
149.028571
222.485714
257.942857
271.642857
185.442857
136.757143
152.600000
90.128571
12.371429
0.000000
0.000000
0.000000
0.000000
0.000000
0.000000
0.000000
0.000000
0.000000
0.000000
0.000000
0.000000
0.000000
0.000000
52.200000
175.542857
277.557143
353.285714
389.414286
382.857143
317.971429
213.685714
103.614286
11.185714
0.000000
0.000000
0.000000
0.000000
0.000000
0.000000
0.000000
0.000000
0.000000
0.000000
0.000000
0.000000
0.000000
0.000000
5.457143
47.942857
75.200000
61.685714
83.757143
84.300000
64.242857
41.714286
22.028571
1.514286
0.000000
0.000000
0.000000
0.000000
0.000000
0.000000
0.000000
0.000000
0.000000
0.000000
0.000000
0.000000
0.000000
0.000000
40.185714
156.400000
250.557143
302.285714
311.742857
331.871429
333.300000
230.742857
93.657143
5.928571
0.000000
0.000000
0.000000
0.000000
0.000000
0.000000
0.000000
0.000000
0.000000
0.000000
0.000000
0.000000
0.000000
0.000000
5.428571
21.457143
80.914286
116.900000
100.214286
84.242857
55.542857
39.871429
56.785714
0.000000
0.000000
0.000000
0.000000
0.000000
0.000000
0.000000
0.000000
0.000000
0.000000
0.000000
0.000000
0.000000
0.000000
0.000000
14.314286
63.900000
171.785714
231.385714
324.542857
358.642857
249.942857
200.242857
99.128571
0.000000
0.000000
0.000000
0.000000
0.000000
0.000000
0.000000
0.000000
0.000000
0.000000
0.000000
0.000000
0.000000
0.000000
0.000000
12.600000
60.257143
107.071429
78.200000
64.957143
70.571429
75.142857
49.342857
39.857143
0.000000
0.000000
0.000000
0.000000
0.000000
0.000000
0.000000
0.000000
0.000000
0.000000
0.000000
0.000000
0.000000
0.000000
0.000000
9.157143
71.942857
77.028571
80.557143
149.214286
111.214286
90.442857
69.500000
20.300000
0.000000
0.000000
0.000000
0.000000
0.000000
0.000000
0.000000
0.000000
0.000000
0.000000
0.000000
0.000000
0.000000
0.000000
0.000000
16.571429
66.928571
102.700000
170.900000
259.728571
248.785714
175.928571
184.500000
76.000000
0.000000
0.000000
0.000000
0.000000
0.000000
0.000000
0.000000
0.000000
0.000000
0.000000
0.000000
0.000000
0.000000
0.000000
0.000000
15.314286
80.528571
149.257143
119.485714
66.442857
73.757143
107.485714
120.185714
59.442857
0.000000
0.000000
0.000000
0.000000
0.000000
0.000000
0.000000
0.000000
0.000000
0.000000
0.000000
0.000000
0.000000
0.000000
0.000000
10.142857
41.400000
57.328571
41.000000
47.200000
57.057143
69.800000
35.471429
14.085714
0.000000
0.000000
0.000000
0.000000
0.000000
0.000000
0.000000
0.000000
0.000000
0.000000
0.000000
0.000000
0.000000
0.000000
0.000000
12.214286
67.057143
85.457143
78.371429
50.271429
53.114286
78.171429
85.457143
43.328571
0.000000
0.000000
0.000000
0.000000
0.000000
0.000000
0.000000
0.000000
0.000000
0.000000
0.000000
0.000000
0.000000
0.000000
0.000000
10.228571
61.628571
81.142857
99.928571
126.557143
123.600000
162.842857
95.471429
21.042857
0.000000
0.000000
0.000000
0.000000
0.000000
0.000000
0.000000
0.000000
0.000000
0.000000
0.000000
0.000000
0.000000
0.000000
0.000000
7.728571
64.128571
172.942857
272.985714
222.371429
216.228571
130.042857
80.171429
19.700000
0.000000
0.000000
0.000000
0.000000
0.000000
0.000000
0.000000
0.000000
0.000000
0.000000
0.000000
0.000000
0.000000
0.000000
0.000000
3.200000
56.942857
93.242857
84.214286
73.200000
62.757143
51.600000
23.214286
8.071429
0.000000
0.000000
0.000000
0.000000
0.000000
0.000000
0.000000
0.000000
0.000000
0.000000
0.000000
0.000000
0.000000
0.000000
0.000000
9.814286
69.042857
141.928571
241.742857
235.057143
121.971429
105.371429
77.214286
16.985714
0.000000
0.000000
0.000000
0.000000
0.000000
0.000000
0.000000
0.000000
0.000000
0.000000
0.000000
0.000000
0.000000
0.000000
0.000000
16.000000
111.557143
216.414286
291.357143
326.971429
317.142857
263.814286
171.400000
55.100000
0.000000
0.000000
0.000000
0.000000
0.000000
0.000000
0.000000
0.000000
0.000000
0.000000
0.000000
0.000000
0.000000
0.000000
0.000000
14.114286
103.585714
207.842857
283.557143
319.757143
310.785714
257.428571
166.342857
50.942857
0.000000
0.000000
0.000000
0.000000
0.000000
0.000000
0.000000
0.000000
0.000000
0.000000
0.000000
0.000000
0.000000
0.000000
0.000000
13.000000
101.257143
208.814286
287.642857
326.028571
317.714286
262.742857
170.857143
49.757143
0.000000
0.000000
0.000000
0.000000
0.000000
0.000000
0.000000
0.000000
0.000000
0.000000
0.000000
0.000000
0.000000
0.000000
0.000000
2.585714
30.985714
51.442857
55.957143
58.114286
51.228571
44.371429
31.000000
6.457143
0.000000
0.000000
0.000000
0.000000
0.000000
0.000000
0.000000
0.000000
0.000000
0.000000
0.000000
0.000000
0.000000
0.000000
0.000000
7.514286
78.028571
181.014286
255.142857
289.871429
284.000000
235.500000
148.685714
41.028571
0.000000
0.000000
0.000000
0.000000
0.000000
0.000000
0.000000
0.000000
0.000000
0.000000
0.000000
0.000000
0.000000
0.000000
0.000000
0.000000
19.128571
70.614286
61.185714
62.114286
57.600000
41.385714
21.128571
10.400000
0.000000
0.000000
0.000000
0.000000
0.000000
0.000000
0.000000
0.000000
0.000000
0.000000
0.000000
0.000000
0.000000
0.000000
0.000000
4.228571
47.714286
102.671429
155.414286
198.942857
243.928571
216.142857
134.771429
35.214286
0.000000
0.000000
0.000000
0.000000
0.000000
0.000000
0.000000
0.000000
0.000000
0.000000
0.000000
0.000000
0.000000
0.000000
0.000000
1.928571
30.357143
69.814286
63.242857
59.514286
44.785714
35.100000
25.057143
5.371429
0.000000
0.000000
0.000000
0.000000
0.000000
0.000000
0.000000
0.000000
0.000000
0.000000
0.000000
0.000000
0.000000
0.000000
0.000000
2.814286
54.414286
119.771429
174.428571
191.457143
136.042857
105.942857
58.357143
12.785714
0.000000
0.000000
0.000000
0.000000
0.000000
0.000000
0.000000
0.000000
0.000000
0.000000
0.000000
0.000000
0.000000
0.000000
0.000000
1.514286
20.714286
62.114286
114.885714
123.557143
136.614286
169.414286
88.842857
12.228571
0.000000
0.000000
0.000000
0.000000
0.000000
0.000000
0.000000
0.000000
0.000000
0.000000
0.000000
0.000000
0.000000
0.000000
0.000000
5.557143
68.200000
170.228571
246.742857
281.371429
275.842857
207.928571
86.814286
18.800000
0.000000
0.000000
0.000000
0.000000
0.000000
0.000000
0.000000
0.000000
0.000000
0.000000
0.000000
0.000000
0.000000
0.000000
0.000000
1.214286
43.785714
66.542857
52.685714
38.800000
43.642857
56.100000
40.200000
7.571429
0.000000
0.000000
0.000000
0.000000
0.000000
0.000000
0.000000
0.000000
0.000000
0.000000
0.000000
0.000000
0.000000
0.000000
0.000000
0.000000
9.657143
34.657143
85.642857
93.885714
151.142857
126.700000
77.171429
12.157143
0.000000
0.000000
0.000000
0.000000
0.000000
0.000000
0.000000
0.000000
0.000000
0.000000
0.000000
0.000000
0.000000
0.000000
0.000000
0.000000
17.171429
53.457143
166.628571
245.357143
196.585714
176.557143
62.600000
12.400000
0.000000
0.000000
0.000000
0.000000
0.000000
0.000000
0.000000
0.000000
0.000000
0.000000
0.000000
0.000000
0.000000
0.000000
0.000000
1.400000
12.557143
18.142857
31.385714
32.471429
38.185714
38.885714
29.300000
8.614286
0.000000
0.000000
0.000000
0.000000
0.000000
0.000000
0.000000
0.000000
0.000000
0.000000
0.000000
0.000000
0.000000
0.000000
0.000000
0.000000
17.728571
24.185714
21.085714
32.328571
51.957143
38.885714
15.685714
2.528571
0.000000
0.000000
0.000000
0.000000
0.000000
0.000000
0.000000
0.000000
0.000000
0.000000
0.000000
0.000000
0.000000
0.000000
0.000000
0.000000
17.385714
33.128571
25.414286
27.414286
34.442857
30.457143
25.371429
5.300000
0.000000
0.000000
0.000000
0.000000
0.000000
0.000000
0.000000
0.000000
0.000000
0.000000
0.000000
0.000000
0.000000
0.000000
0.000000
0.000000
13.971429
31.885714
35.857143
58.971429
57.014286
29.614286
19.828571
2.814286
0.000000
0.000000
0.000000
0.000000
0.000000
0.000000
0.000000
0.000000
0.000000
0.000000
0.000000
0.000000
0.000000
0.000000
0.000000
0.000000
34.671429
128.242857
187.557143
167.028571
263.014286
255.442857
118.228571
14.042857
0.000000
0.000000
0.000000
0.000000
0.000000
0.000000
0.000000
0.000000
0.000000
0.000000
0.000000
0.000000
0.000000
0.000000
0.000000
0.000000
36.885714
147.014286
206.600000
233.342857
202.028571
91.885714
43.242857
3.471429
0.000000
0.000000
0.000000
0.000000
0.000000
0.000000
0.000000
0.000000
0.000000
0.000000
0.000000
0.000000
0.000000
0.000000
0.000000
0.000000
28.585714
80.000000
85.842857
114.242857
139.114286
127.342857
117.971429
18.542857
0.000000
0.000000
0.000000
0.000000
0.000000
0.000000
0.000000
0.000000
0.000000
0.000000
0.000000
0.000000
0.000000
0.000000
0.000000
0.000000
17.185714
69.771429
81.714286
92.985714
96.700000
101.171429
54.814286
11.771429
0.000000
0.000000
0.000000
0.000000
0.000000
0.000000
0.000000
0.000000
0.000000
0.000000
0.000000
0.000000
0.000000
0.000000
0.000000
0.000000
42.471429
135.328571
133.542857
120.600000
110.314286
108.385714
67.114286
7.900000
0.000000
0.000000
0.000000
0.000000
0.000000
0.000000
0.000000
0.000000
0.000000
0.000000
0.000000
0.000000
0.000000
0.000000
0.000000
0.000000
21.785714
48.128571
40.485714
72.357143
85.857143
55.085714
35.714286
11.085714
0.000000
0.000000
0.000000
0.000000
0.000000
0.000000
0.000000
0.000000
0.000000
0.000000
0.000000
0.000000
0.000000
0.000000
0.000000
0.000000
31.000000
127.785714
187.557143
210.071429
208.471429
180.242857
116.885714
26.185714
0.000000
0.000000
0.000000
0.000000
0.000000
0.000000
0.000000
0.000000
0.000000
0.000000
0.000000
0.000000
0.000000
0.000000
0.000000
0.000000
29.842857
144.814286
233.900000
268.128571
199.200000
98.057143
72.842857
7.871429
0.000000
0.000000
0.000000
0.000000
0.000000
0.000000
0.000000
0.000000
0.000000
0.000000
0.000000
0.000000
0.000000
0.000000
0.000000
0.000000
26.971429
101.242857
127.100000
98.028571
69.957143
55.900000
30.742857
3.342857
0.000000
0.000000
0.000000
0.000000
0.000000
0.000000
0.000000
0.000000
0.000000
0.000000
0.000000
0.000000
0.000000
0.000000
0.000000
0.000000
4.985714
38.214286
34.885714
46.257143
70.214286
64.871429
69.014286
11.657143
0.000000
0.000000
0.000000
0.000000
0.000000
0.000000
0.000000
0.000000
0.000000
0.000000
0.000000
0.000000
0.000000
0.000000
0.000000
0.000000
5.557143
44.257143
77.785714
60.085714
60.714286
43.085714
15.742857
2.700000
0.000000
0.000000
0.000000
0.000000
0.000000
0.000000
0.000000
0.000000
0.000000
0.000000
0.000000
0.000000
0.000000
0.000000
0.000000
0.000000
19.600000
89.900000
165.000000
185.328571
109.128571
64.900000
34.185714
4.000000
0.000000
0.000000
0.000000
0.000000
0.000000
0.000000
0.000000
0.000000
0.000000
0.000000
0.000000
0.000000
0.000000
0.000000
0.000000
0.000000
7.271429
29.700000
46.042857
59.442857
93.257143
126.485714
47.785714
5.014286
0.000000
0.000000
0.000000
0.000000
0.000000
0.000000
0.000000
0.000000
0.000000
0.000000
0.000000
0.000000
0.000000
0.000000
0.000000
0.000000
12.171429
48.871429
85.628571
121.957143
77.514286
83.142857
45.542857
11.571429
0.000000
0.000000
0.000000
0.000000
0.000000
0.000000
0.000000
0.000000
0.000000
0.000000
0.000000
0.000000
0.000000
0.000000
0.000000
0.000000
13.185714
32.728571
47.128571
54.228571
66.628571
74.742857
62.642857
4.300000
0.000000
0.000000
0.000000
0.000000
0.000000
0.000000
0.000000
0.000000
0.000000
0.000000
0.000000
0.000000
0.000000
0.000000
0.000000
0.000000
8.742857
27.285714
32.400000
51.714286
98.728571
132.685714
59.842857
4.500000
0.000000
0.000000
0.000000
0.000000
0.000000
0.000000
0.000000
0.000000
0.000000
0.000000
0.000000
0.000000
0.000000
0.000000
0.000000
0.000000
0.000000
45.985714
69.885714
99.342857
128.442857
148.028571
76.157143
3.528571
0.000000
0.000000
0.000000
0.000000
0.000000
0.000000
0.000000
0.000000
0.000000
0.000000
0.000000
0.000000
0.000000
0.000000
0.000000
0.000000
14.171429
64.057143
79.128571
72.385714
60.542857
51.600000
53.700000
8.642857
0.000000
0.000000
0.000000
0.000000
0.000000
0.000000
0.000000
0.000000
0.000000
0.000000
0.000000
0.000000
0.000000
0.000000
0.000000
0.000000
12.357143
50.585714
32.814286
24.428571
30.571429
29.957143
14.257143
2.500000
0.000000
0.000000
0.000000
0.000000
0.000000
0.000000
0.000000
0.000000
0.000000
0.000000
0.000000
0.000000
0.000000
0.000000
0.000000
0.000000
3.885714
50.057143
98.057143
113.400000
102.871429
71.628571
42.157143
17.000000
0.000000
0.000000
0.000000
0.000000
0.000000
0.000000
0.000000
0.000000
0.000000
0.000000
0.000000
0.000000
0.000000
0.000000
0.000000
0.000000
9.685714
40.757143
58.828571
71.314286
85.971429
75.328571
46.242857
3.857143
0.000000
0.000000
0.000000
0.000000
0.000000
0.000000
0.000000
0.000000
0.000000
0.000000
0.000000
0.000000
0.000000
0.000000
0.000000
0.000000
9.985714
45.485714
42.171429
46.628571
51.214286
42.028571
29.385714
6.200000
0.000000
0.000000
0.000000
0.000000
0.000000
0.000000
0.000000
0.000000
0.000000
0.000000
0.000000
0.000000
0.000000
0.000000
0.000000
0.000000
6.928571
29.357143
34.285714
34.214286
31.071429
28.514286
18.257143
3.014286
0.000000
0.000000
0.000000
0.000000
0.000000
0.000000
0.000000
0.000000
0.000000
0.000000
0.000000
0.000000
0.000000
0.000000
0.000000
0.000000
7.057143
29.885714
41.628571
45.671429
47.785714
55.700000
43.171429
9.485714
0.000000
0.000000
0.000000
0.000000
0.000000
0.000000
0.000000
0.000000
0.000000
0.000000
0.000000
0.000000
0.000000
0.000000
0.000000
0.000000
19.828571
83.714286
153.085714
191.028571
167.828571
105.042857
52.642857
6.514286
0.000000
0.000000
0.000000
0.000000
0.000000
0.000000
0.000000
0.000000
0.000000
0.000000
0.000000
0.000000
0.000000
0.000000
0.000000
0.000000
3.000000
30.300000
35.857143
84.842857
93.942857
54.600000
34.314286
10.228571
0.000000
0.000000
0.000000
0.000000
0.000000
0.000000
0.000000
0.000000
0.000000
0.000000
0.000000
0.000000
0.000000
0.000000
0.000000
0.000000
3.457143
48.528571
138.328571
234.114286
212.985714
182.114286
113.857143
19.028571
0.000000
0.000000
0.000000
0.000000
0.000000
0.000000
0.000000
0.000000
0.000000
0.000000
0.000000
0.000000
0.000000
0.000000
0.000000
0.000000
25.385714
114.571429
200.214286
248.857143
254.014286
210.200000
120.771429
19.985714
0.000000
0.000000
0.000000
0.000000
0.000000
0.000000
0.000000
0.000000
0.000000
0.000000
0.000000
0.000000
0.000000
0.000000
0.000000
0.000000
5.242857
66.585714
167.271429
215.642857
238.142857
188.071429
114.142857
25.842857
0.000000
0.000000
0.000000
0.000000
0.000000
0.000000
0.000000
0.000000
0.000000
0.000000
0.000000
0.000000
0.000000
0.000000
0.000000
0.000000
3.114286
22.728571
68.171429
105.885714
175.171429
84.114286
64.442857
27.000000
0.000000
0.000000
0.000000
0.000000
0.000000
0.000000
0.000000
0.000000
0.000000
0.000000
0.000000
0.000000
0.000000
0.000000
0.000000
0.000000
14.600000
75.357143
116.328571
153.471429
205.200000
142.957143
108.500000
23.771429
0.000000
0.000000
0.000000
0.000000
0.000000
0.000000
0.000000
0.000000
