5.837202
5.279117
4.993270
4.943359
4.954703
5.353983
5.535473
5.846276
5.955171
7.028236
7.808648
8.643505
7.785961
8.278256
8.874907
9.208397
8.353120
7.878974
9.056397
7.574978
8.412104
7.153011
8.856757
8.142137
9.777823
9.589527
9.886720
8.931623
10.487906
9.442065
9.687078
9.782362
8.641236
8.704760
8.475628
9.491976
9.319559
8.768280
5.385743
6.699284
10.676205
9.414843
9.192516
7.434321
8.042316
6.279585
5.576309
5.410698
7.683872
6.835402
7.840408
6.043648
5.791830
6.363526
6.320421
6.617613
8.462013
11.381749
12.311890
13.641311
14.113190
13.033319
11.992013
13.176241
14.106383
14.605483
17.105519
18.886400
17.581934
15.122731
16.331916
15.428997
14.827809
15.483446
10.955247
10.465220
10.145343
9.864033
12.028312
9.864033
9.505586
11.976131
14.244772
17.189460
17.198535
15.467564
15.360938
14.687155
14.730259
13.133137
12.672604
13.675342
12.967528
14.582797
14.258381
13.886325
16.697164
15.898605
15.419924
18.661804
20.116000
19.743945
20.372356
21.193605
19.870989
20.442686
15.907682
14.925359
13.566446
13.888594
13.058272
14.045130
14.748408
18.189929
18.074227
20.932708
20.955397
18.990759
19.358278
18.332854
16.853700
18.257989
17.865515
17.076027
16.377286
12.243832
12.638574
12.445741
10.923485
12.661262
11.449810
12.032849
12.119057
11.064141
9.727914
8.303210
8.030973
7.715632
6.508718
5.746457
6.059528
7.082683
6.361257
6.721970
8.489238
8.727444
9.489708
9.884450
10.122655
9.734719
10.099970
10.437998
12.166699
13.167167
13.536955
11.100439
11.833210
13.412180
11.415781
11.706164
13.335046
11.261513
10.524205
9.752869
10.769219
11.263780
11.910342
12.851826
11.395361
10.741994
10.354057
10.578653
11.238827
10.887187
10.621757
9.995614
10.261043
10.351790
10.719307
10.553697
9.809584
8.559566
9.296873
7.797305
6.957908
7.441128
7.515993
6.188841
6.742388
5.682935
6.996476
6.163886
5.796366
6.343108
6.821790
5.537742
5.966514
5.553623
6.265975
4.625751
4.405693
4.140262
6.048185
6.109438
6.211527
5.682935
7.336771
7.656648
6.699284
7.198384
5.689740
5.167954
7.985601
8.493776
9.920748
10.374475
11.595003
12.184847
12.602277
13.611821
12.275592
9.993345
11.615419
12.168968
10.889456
10.683010
10.619489
10.648982
10.916680
10.846350
10.115852
8.452939
6.996476
6.465615
5.841739
5.598995
5.113508
6.059528
6.667522
6.343108
6.674328
6.268243
6.803641
6.048185
7.574978
7.230145
7.901661
7.082684
8.482431
9.582720
10.490177
11.068678
11.533749
10.853156
9.448872
8.779623
8.602671
8.355389
8.446135
7.969720
7.513725
8.203390
8.697954
9.342246
8.634430
9.383082
8.121718
9.680273
11.275124
11.601807
11.942103
13.232957
13.094570
14.802855
15.077359
14.687155
15.324639
16.304691
17.019313
16.497525
19.117803
19.163173
18.292015
19.301561
14.979808
13.244301
13.321434
12.756544
11.962522
13.264719
12.779230
11.946640
13.888593
12.697559
13.688954
12.810992
14.666736
15.195328
13.856833
14.882256
15.483446
14.337783
13.160361
13.314628
11.640373
10.342716
10.787367
10.655786
10.941634
12.472965
11.976132
12.146280
12.457084
11.783299
11.563241
11.334108
11.669866
10.921216
9.800511
10.878112
10.651249
10.317759
9.950242
10.678472
12.525143
12.030581
11.014231
9.823196
9.163022
8.693415
9.262843
8.974726
7.797304
7.252832
6.665254
6.976057
6.914805
6.805910
6.309078
6.449734
5.971052
6.102632
6.315884
6.020962
5.844007
6.583583
6.567703
6.093558
6.504181
7.107638
6.045917
5.251894
4.262768
3.779548
2.965108
2.767737
2.724632
2.978720
3.343970
2.642962
2.338965
2.470545
1.973713
2.522724
2.416098
1.960102
2.971914
3.425641
4.187903
5.086284
5.905261
6.744656
6.492838
7.001013
7.829066
7.336771
7.926617
8.076345
7.255100
7.708827
7.266443
8.142136
7.897124
7.953839
8.566372
8.441597
8.310017
8.591327
9.274186
9.083621
8.555028
8.042317
8.030974
7.847214
8.008288
8.112646
7.994675
7.044117
6.590390
6.476957
7.407098
7.636230
7.416173
6.685672
6.179766
6.422510
6.007350
5.739651
6.313615
5.204252
5.780485
5.712427
5.837203
5.660248
5.324490
6.349914
6.095827
6.812716
6.501913
8.028706
7.252832
7.711095
8.060467
6.488300
6.660717
8.924817
9.553230
10.263313
10.140805
12.829141
14.324173
13.664000
12.132669
12.938035
11.515598
11.526942
10.127194
9.587258
8.741057
8.502849
7.302741
7.016893
5.662517
6.204721
5.862157
7.019162
6.175228
7.422979
8.346313
9.364934
10.492445
11.737926
12.212071
13.035586
13.859101
12.243834
9.031443
7.665724
7.497844
7.529606
9.308216
7.141668
11.751537
10.987006
12.552367
13.339584
15.873650
15.714845
13.614089
12.683947
10.594534
8.768280
8.278256
8.142137
7.906199
8.076345
8.080885
8.207928
7.888049
7.232413
7.974258
7.967452
8.620819
8.434791
7.833602
8.051392
7.892588
7.971988
8.362195
8.164823
8.496044
8.407567
10.256507
9.979734
10.707965
9.498782
10.653518
12.209802
12.003357
10.122656
9.891255
10.721577
13.196660
8.784161
12.638574
10.966589
10.859963
12.091833
14.351396
16.261586
15.242970
15.315566
15.438072
15.671741
17.586473
16.583733
17.502530
16.454421
19.145025
13.046930
11.447540
12.572784
11.177574
11.592734
11.111783
12.883588
11.967058
11.647181
11.588196
10.776024
10.866771
9.158486
8.207928
7.550022
6.104902
5.281386
4.430648
5.696546
6.597195
6.073140
7.248294
5.716965
6.522330
6.742388
7.089489
7.672530
6.948834
7.137131
6.304541
6.894386
5.989201
5.825858
5.186103
5.424310
4.834464
4.657511
5.056791
4.251425
4.194709
5.662517
4.090351
5.412966
5.015955
4.453333
3.357582
4.941091
6.148006
3.330358
2.817647
2.443321
2.656573
2.779080
3.003675
3.089883
1.998669
2.418366
2.318547
1.817178
1.340764
1.057185
1.640224
2.216458
2.184697
2.286786
1.844401
2.352576
2.118907
1.606195
1.916998
2.874363
3.913398
2.806304
3.328090
2.486426
3.854413
3.273643
2.799497
2.606663
2.441053
2.146130
2.781348
2.672454
2.568097
2.388874
3.087614
2.695140
3.132987
2.890243
4.103963
4.358051
5.410698
6.370332
7.227876
6.345377
5.816784
6.125320
5.133925
5.517324
5.825858
5.809978
6.563166
5.689740
6.508718
6.216064
5.732844
5.553622
5.862157
6.025499
5.517325
4.916136
5.213327
5.431116
5.236013
5.598995
5.692009
5.957439
5.728308
5.063596
4.868494
4.312678
4.512319
4.652974
5.170223
4.339902
4.360319
4.326290
4.194709
4.047248
3.645699
3.833996
3.865757
3.632087
3.940622
4.090353
4.280917
4.394349
4.587183
4.745988
4.959239
4.466945
4.557691
5.036373
5.043178
4.970583
5.165685
5.363057
5.862157
5.136193
5.188372
5.215595
4.947896
5.292729
5.031836
4.736914
4.194709
4.909329
4.287723
4.555423
4.691541
5.190641
5.610338
5.635293
6.277318
6.674329
8.099033
7.323159
9.360394
8.929354
9.231083
7.039580
6.288661
6.163885
6.787761
7.243757
7.348114
7.266444
7.981064
7.720170
7.289129
7.366263
7.552291
7.949302
7.863095
8.185241
8.008287
7.286861
7.863096
8.607207
8.663924
9.548691
9.816391
10.131732
9.099500
10.168029
9.584991
9.319560
8.641236
8.024168
7.620351
7.690679
8.285061
8.130794
7.409367
7.307278
6.495107
6.275049
6.125319
7.844945
7.754199
8.362195
8.625357
9.746063
9.174367
9.410304
10.147613
9.929824
10.571848
9.777825
8.881711
7.636230
7.234682
7.153011
7.400292
8.203391
8.121720
8.255568
7.942497
8.135332
7.352652
5.388012
5.651174
4.961508
5.998275
6.812715
7.851752
8.319089
8.920278
8.881713
9.773287
8.954310
8.325895
7.772349
7.234681
8.244226
7.416173
8.162556
6.619882
6.642568
5.412967
5.789560
4.700616
5.435653
4.675660
4.641631
4.897986
4.807241
5.054522
5.124850
5.154342
5.909798
5.662517
5.592189
6.104901
5.746456
4.348976
3.706952
3.432447
3.042242
2.220995
2.096220
1.340764
1.819446
2.078071
2.468277
3.142062
3.092152
1.837596
2.456933
2.885706
3.144330
3.083077
3.457402
3.189703
2.890243
3.244150
3.126181
3.502775
3.407492
2.686066
2.701946
1.882968
1.329421
1.107095
1.701477
1.871625
1.837596
1.506375
1.404286
1.345301
1.733238
1.592583
1.730970
2.275443
2.227801
2.343501
2.656573
2.225532
2.733707
4.079009
3.534536
4.079009
3.548148
3.278180
2.633887
2.230070
2.534067
2.411560
1.998669
1.651567
1.637956
1.726432
2.345770
1.946490
2.295861
2.463739
2.708752
2.397949
2.286786
2.720095
2.500038
1.651567
2.014549
2.711021
3.602595
4.707421
5.015955
4.033636
2.731438
3.187434
3.745519
3.291791
2.990063
2.983257
2.196040
2.667916
3.230539
2.436516
2.248219
2.633887
2.338964
2.382069
2.141593
2.159742
2.091683
2.003206
3.176091
3.874830
3.947427
4.873032
4.818584
3.829459
3.446059
3.155673
2.985526
2.978720
2.259562
2.348039
2.202846
2.325352
2.917467
2.019086
2.804035
2.711020
3.046779
3.343971
2.922004
3.491432
3.920204
4.326290
4.537274
5.170223
6.125319
5.737382
7.007819
6.737851
6.767343
6.504181
6.259168
6.036842
5.957440
5.140731
4.732376
5.236013
5.310878
5.131655
5.204252
5.260968
4.882106
4.879838
4.069934
5.163416
5.315415
5.088552
5.011418
4.981926
4.820853
3.743251
3.461939
3.325821
2.452396
2.792691
2.372994
1.574434
2.207383
2.497769
2.220995
2.565828
3.119375
2.860750
3.759131
3.915667
4.149337
4.471483
4.287724
4.537274
4.573571
5.540011
6.510987
5.045448
7.100833
8.391687
9.346783
8.845415
8.616282
10.188448
9.913944
9.376275
6.440660
6.166155
3.452865
3.620744
4.165217
4.031367
3.389343
3.312209
2.926541
2.155204
2.198309
1.567628
2.107563
2.869825
3.620744
3.754593
4.559960
3.897518
3.167017
2.713289
2.377531
1.969177
2.084877
1.281780
2.116638
1.919266
2.103026
1.193303
2.000938
1.735507
1.499569
1.653836
1.812641
2.150667
1.474614
2.127981
2.810841
2.912929
4.523662
4.879837
4.591721
4.922942
3.266837
2.908392
1.896580
1.803566
2.157473
2.021355
1.642493
1.905654
2.034967
2.534067
1.336227
1.912461
2.509112
3.232807
3.164748
3.178360
2.711020
3.545879
3.334896
2.858482
4.371663
4.859419
4.843539
4.394349
4.335365
3.117106
3.915666
4.879837
4.662049
5.054522
6.016425
5.744187
5.381206
4.358051
4.655242
5.692009
5.487832
5.991470
5.789560
5.524130
4.618945
5.458340
5.957439
6.270512
5.692009
5.685203
5.730576
6.309079
5.428847
4.029099
2.536336
2.770006
3.144330
3.294060
3.877100
3.416567
3.085346
3.588983
4.054054
3.620744
3.725102
3.650236
3.956502
4.042710
4.140262
3.568566
3.747787
4.054054
4.457871
4.834465
5.667053
5.601264
5.723771
6.177498
6.023230
7.797303
10.054599
10.714771
11.690285
12.146281
13.688953
14.603212
15.084167
16.016574
18.071960
17.516145
16.998893
16.365942
15.907678
15.290609
16.948985
16.608690
16.681285
16.533824
17.343727
17.252982
15.669474
16.318302
14.646319
14.110921
12.717977
12.931229
11.747001
11.642643
10.785100
9.777823
9.830004
8.577714
7.726977
7.672528
6.894387
7.445666
6.320422
6.079946
6.463345
7.495575
7.538679
8.518731
8.282792
8.623087
6.300004
4.961508
4.519124
3.892981
4.600796
5.329027
7.010087
7.325427
9.446603
9.768750
11.266050
10.555967
11.057336
12.223414
12.345920
11.830940
10.930292
10.816861
10.247433
10.115851
9.666661
9.187979
9.439798
8.421178
7.402562
6.728776
7.692947
7.309547
7.153011
6.554091
5.839471
5.982395
6.014155
5.476489
5.167954
5.417504
4.587183
5.587652
5.133924
4.698346
4.630287
4.655242
5.694278
7.452472
8.251031
7.892588
9.296872
8.738789
9.886720
8.976996
10.358595
9.396694
9.419379
8.976996
8.942966
8.151211
8.114912
7.713364
7.672528
8.319089
10.047791
10.658056
9.054129
9.927554
9.913943
9.841345
8.430254
9.187979
9.725646
10.295074
11.862701
10.544624
10.859964
9.625825
7.502381
8.178434
9.233351
9.562304
8.112645
7.407098
8.400762
8.577716
7.847214
7.974257
7.418442
7.742855
8.069541
7.699752
8.162554
8.811386
10.251970
8.151212
8.614014
8.972458
7.774617
7.032774
6.349913
5.004613
4.466945
4.471483
4.589452
4.664317
5.893918
6.243287
5.984664
5.880306
5.916605
6.638031
7.166623
7.615813
8.770550
8.763743
8.992875
9.947973
10.964321
11.313690
11.930761
11.706165
12.323236
9.594065
9.385350
9.587259
9.598602
9.065472
8.756938
8.457478
7.940229
7.550022
7.663454
8.618549
8.366731
8.298672
7.543216
7.291398
7.080416
6.195646
6.799104
6.810447
8.103571
8.856757
9.782361
9.712034
10.227012
8.940697
8.017362
6.964715
6.951102
7.967452
9.113113
8.489240
9.421647
9.621289
10.331371
10.912143
13.800116
12.062340
13.139943
14.217547
14.855033
13.666267
14.693961
15.812395
16.039261
15.562847
14.825541
15.394967
14.088234
12.298279
12.289204
12.772424
11.976134
12.572784
8.936159
9.335439
10.188449
9.786898
10.782830
12.091833
12.420785
13.003825
13.282867
12.940304
12.500188
13.087765
14.151756
13.502925
13.616357
13.893131
14.675811
13.995219
14.471634
14.330978
12.393562
13.995221
13.314628
14.691692
15.678549
15.385896
15.989352
15.660399
14.489783
13.169435
13.101378
12.445741
12.202997
10.943904
11.075485
10.172567
10.213402
11.456614
12.277862
12.967528
14.467098
14.866377
14.256113
13.468896
14.151756
12.032850
11.604077
11.567779
11.433928
11.849090
10.231553
11.361332
10.676202
9.741526
10.746531
10.129463
10.288267
9.315022
9.097232
9.621287
7.078147
6.343108
7.724708
8.611744
9.208395
9.528275
9.219740
8.963383
9.612213
8.108107
4.961509
4.044979
3.573103
3.579909
2.663379
3.187435
2.910660
2.999137
3.119375
2.674723
2.974182
2.418366
2.779080
3.135256
3.130718
3.833996
4.480557
5.165685
5.927948
6.592657
7.457009
7.447934
5.878037
4.358051
4.176560
5.437922
6.547284
6.177498
6.826328
6.138930
7.647574
7.915273
7.808647
8.162556
7.622620
7.284592
6.844477
7.293667
7.672529
9.187980
9.972927
9.516931
10.798710
10.909875
11.506525
11.810522
11.370406
11.905804
12.275592
11.710702
11.313689
11.157156
11.213872
11.910343
12.230220
11.747000
11.059603
10.753337
10.472028
10.274656
9.487438
8.654849
7.096296
6.642568
6.504181
6.259168
6.733314
6.256900
5.800904
5.844008
5.440190
5.453803
5.120313
5.068134
4.485094
4.866225
4.503244
4.033636
3.464208
3.575371
3.468745
3.770474
4.083545
4.201515
4.893449
4.523661
4.487364
4.888913
5.090820
5.902993
6.256900
7.878975
7.103101
6.839940
5.301804
4.725570
4.158411
4.873032
4.099427
4.748256
4.791361
4.462408
4.852614
5.195178
4.634824
4.711959
5.161148
5.179297
5.487832
5.310878
4.628019
5.274580
6.878507
6.749194
6.245557
6.052723
6.245557
5.494638
4.371663
3.990531
2.758662
5.127119
2.273174
3.536804
2.456933
3.588983
4.049516
2.332158
1.549479
1.971445
2.640693
3.443790
4.650705
5.530937
5.812247
5.991469
6.338571
6.429316
6.699284
8.112646
8.550492
7.667991
7.640768
6.102633
4.918404
5.204253
6.417974
5.726039
4.775480
4.900255
4.541811
4.972852
4.444259
4.410229
4.859420
4.217395
4.126650
4.559960
4.741451
5.274580
4.142530
5.000075
4.505512
4.607601
5.281386
5.297266
6.243288
5.471951
5.211058
5.560428
5.249626
5.646637
6.334033
5.859889
6.141200
6.697015
6.515524
6.506450
6.098096
6.343107
5.848545
6.093558
7.001012
7.094027
6.438392
6.424779
6.154811
6.195647
7.436591
6.442928
6.481495
5.154342
4.721033
4.274112
2.999138
2.243682
2.563559
2.892512
3.264568
3.253225
3.362119
3.157942
2.395680
3.049048
2.962839
2.956034
4.142531
4.877569
4.909329
5.344908
6.624419
6.501912
5.937022
6.751462
6.347645
6.209259
5.635293
4.226470
4.934284
3.976920
3.983726
4.555423
3.956502
4.621213
4.723301
4.487363
4.271843
4.371662
4.081277
3.827190
3.228270
4.401156
4.544079
4.312678
4.131187
4.630288
4.941091
5.628487
6.293198
5.909798
6.790029
7.298204
6.206990
7.221070
6.674329
6.987401
6.259168
4.652974
4.904792
5.515056
7.345845
7.053191
6.554092
5.930216
3.861220
4.743719
7.168892
8.366732
9.625826
9.562303
11.048260
11.118589
9.013294
7.234682
6.120782
5.136193
4.766405
5.410698
4.981926
4.900255
4.199246
4.367125
4.596259
4.144799
3.641162
4.500975
3.988263
3.471014
4.269574
4.802704
6.009618
6.567703
8.219271
7.611277
8.371269
7.908466
8.180704
7.069072
5.562697
5.070403
5.456071
5.403893
5.201985
5.712428
6.132125
6.256900
7.647573
7.751931
8.927085
7.690677
7.080415
7.708827
7.883512
8.804579
9.605408
9.303679
9.505587
9.283261
8.636700
8.999681
9.054129
7.586320
8.135331
10.168029
10.673935
9.278725
9.222008
10.338177
10.299611
9.950242
9.442065
9.428453
10.812323
9.909405
10.501520
8.838608
8.398493
8.956578
9.462483
10.846351
10.884918
11.363601
11.849089
11.749269
10.642174
9.260575
9.183442
6.939759
7.373070
5.456071
5.571771
6.951103
7.738319
7.740588
7.910736
8.877175
8.080884
8.736519
8.133063
8.874907
8.323628
8.171629
9.126725
9.469290
9.866302
9.124458
10.165762
9.589527
8.509656
8.339509
8.666192
8.334971
9.072278
9.968389
9.401230
8.922548
8.570909
8.707027
8.158017
7.663456
7.087221
6.964715
5.669323
5.646637
6.064065
6.989669
8.058198
8.280524
8.752400
7.627156
8.570910
7.579515
7.670260
8.314553
6.953372
6.329496
6.980594
6.987400
7.538679
7.647574
7.740588
6.844477
8.155750
7.699752
8.219271
9.589527
7.969720
7.649842
6.887580
7.434323
8.434792
8.475627
8.416642
8.942966
8.053659
7.189309
6.427048
7.257368
6.197915
6.501913
5.258700
3.623012
4.614407
3.602595
3.257762
2.536336
2.486426
2.697409
2.831258
2.386606
2.363919
1.846670
2.395680
2.994601
3.809041
3.634356
6.002812
5.006881
4.589451
4.734645
3.985994
3.339433
3.126181
2.969645
3.216927
4.079008
4.589451
4.485095
3.886175
5.124850
4.784554
4.514587
3.927010
5.054523
5.505981
5.247357
5.129388
5.848545
6.374869
6.152543
6.095827
6.440659
7.221070
7.275518
6.322690
4.938822
3.829459
3.995069
5.462877
5.853082
5.136193
5.297266
4.269574
4.115306
3.718295
3.448328
3.906592
4.153874
3.518655
4.396617
4.476020
5.272311
5.653442
6.082215
7.720169
8.359926
7.525068
7.740589
7.454740
6.898924
4.519124
3.729639
5.394818
5.989201
5.567235
5.247356
6.660716
5.771411
5.247357
5.052254
4.417036
4.190172
4.426110
3.793160
3.155673
3.854414
3.892981
5.453802
5.152073
6.309079
6.799104
6.107170
9.818659
10.898532
11.613150
10.778293
6.510987
7.981064
6.415704
6.706089
6.563165
9.349050
9.151680
9.358126
9.192516
8.260107
8.230614
8.434790
9.623556
8.824997
8.999682
8.539148
8.500581
8.722908
8.952041
8.441596
7.806380
7.840409
6.821790
4.714227
4.280917
3.527730
3.085345
3.439253
3.545879
4.187903
4.496439
4.544079
4.553154
4.557691
4.428379
4.047247
4.755062
5.868963
6.824059
8.695684
9.008756
8.044585
8.409836
8.452940
8.337239
7.892587
5.226939
3.393880
2.917467
3.096689
3.634356
3.736445
3.672923
4.500975
4.618944
4.299067
3.759130
3.781817
5.471951
4.530467
4.689272
4.462408
5.251893
6.322690
5.939291
5.442460
6.479227
6.102632
6.470151
4.657512
3.255494
2.627081
1.506374
2.289054
3.089883
3.003675
2.622544
2.552216
2.350307
2.779080
1.576702
1.041304
2.901586
2.046310
1.939685
2.223264
1.474614
2.059922
2.227801
2.824452
3.126181
3.074003
3.836264
2.565828
1.944221
1.844402
1.408823
1.313541
1.215989
1.758194
1.386137
1.451927
2.168817
1.882968
2.034967
1.998669
2.611201
2.352576
2.604395
2.261831
1.622075
2.384337
2.980989
3.341702
3.704683
3.579909
3.343970
4.013218
2.892512
2.168817
1.333958
1.601657
1.485957
1.735507
1.122975
1.882969
2.302666
1.794492
1.542673
0.825784
2.014549
2.372994
2.000938
2.198308
1.991863
2.633887
3.840802
3.477820
4.142530
5.149805
4.875300
4.548617
3.464208
2.599857
2.479620
2.559022
2.461470
2.990063
3.262299
3.412029
3.659310
3.770474
4.172023
4.394349
5.329027
4.698346
5.542279
6.082214
7.019162
7.266443
7.180235
7.572709
7.942497
8.024167
8.956577
8.455210
6.991938
5.716964
4.918404
4.487364
4.655242
3.799966
2.754124
2.314009
1.919267
2.518187
2.922004
2.792692
1.386137
1.601657
1.882969
1.386137
1.864819
2.459202
3.094420
4.024561
2.915198
3.450596
4.811778
4.904793
3.085346
1.812641
1.844402
1.676522
2.418367
3.108032
3.949696
3.879369
4.167485
4.875300
4.582646
5.145267
5.084015
5.932485
7.661185
10.063672
9.011026
9.312754
9.158487
9.587258
9.024636
9.063204
8.625357
8.600402
6.343108
4.795898
4.083546
3.936084
3.983727
3.030898
3.257762
3.500506
3.627550
4.126649
4.296797
5.215595
6.669792
6.399823
9.364933
8.784161
9.700691
10.726113
10.440266
10.374476
10.658055
11.018769
11.722046
10.587728
9.312754
8.423447
9.158487
10.317760
10.880382
11.463422
11.395361
12.965258
13.759281
14.131337
12.820067
12.500187
12.139474
10.365401
11.238826
12.740663
13.480239
13.509731
13.741132
12.997019
12.479769
11.760611
11.803717
12.187115
12.906274
13.355464
12.829140
14.389961
13.049199
12.854094
10.667129
12.016967
10.374475
10.760145
11.127663
9.814122
8.995144
9.226545
8.650311
10.192984
8.965651
9.412574
10.964321
12.468427
14.163100
15.204403
15.404042
14.530619
12.041923
11.998819
12.974333
11.381750
12.765620
13.040124
13.493851
16.350065
16.860509
15.932636
16.708510
17.393637
14.800586
16.411318
15.406311
19.551111
18.360074
19.557917
17.416324
19.067890
18.019781
17.051072
16.118663
10.437998
10.664860
7.994677
6.917073
7.819992
6.864895
6.574509
7.064535
6.597195
6.531404
6.556359
6.642568
6.374869
6.393018
7.166623
7.940228
8.818190
9.650781
11.080021
10.875844
10.363132
11.045991
12.810992
11.992013
11.980669
11.331840
9.873107
8.545954
11.998820
11.036918
12.416249
12.849557
13.818267
13.518806
13.067348
12.724783
13.593671
11.753805
10.880382
13.001558
11.542821
12.048730
11.830940
11.910343
12.554635
10.358595
9.206129
7.876706
5.410699
4.283186
2.298129
1.594852
2.177891
2.196040
2.992332
2.642962
2.220995
2.075802
2.334427
2.452396
2.189234
1.878431
2.701946
2.779080
4.067665
4.655243
4.675660
3.845339
3.103495
3.695609
3.958771
4.321752
4.462408
4.305872
4.593989
4.185634
4.176560
3.493701
4.142531
4.226470
4.262769
3.359851
2.207384
3.443790
2.245951
3.167017
3.543610
5.004613
7.554560
10.392625
11.104977
9.101771
8.035511
7.704289
5.991469
5.524130
4.859419
4.684735
5.304072
4.496438
4.301336
4.986464
3.811309
3.173823
3.484626
4.346708
4.648437
4.730108
4.741451
4.902523
5.290461
5.705620
5.853082
5.694278
6.420242
6.136662
6.622150
7.318622
6.427047
5.049985
6.880775
6.027768
5.453802
5.056791
3.777280
4.448796
3.863488
3.852145
3.194240
2.697409
2.268637
2.198309
2.397949
2.034967
2.472814
2.452396
2.699678
3.169285
3.593520
2.713289
2.078071
2.422904
4.392080
5.737382
5.986932
5.719233
5.866694
5.925678
6.054991
6.542747
7.216533
7.146205
5.750994
5.975589
7.538679
6.463346
8.094496
7.717902
9.560034
9.591797
9.022368
7.810917
9.317291
8.579984
10.095434
12.665799
11.878581
9.664392
10.472027
7.375337
7.702021
6.034573
7.375337
5.839471
7.320891
6.007350
5.875769
5.746456
5.403892
6.265975
5.909798
5.678397
6.281855
6.638031
7.919812
8.133064
8.405300
8.509656
7.053191
7.273249
6.599464
7.307278
3.913398
4.668854
2.733707
2.318546
2.268637
4.453334
4.485094
5.097627
5.122581
5.319952
5.467414
6.014156
6.324959
6.903462
7.016893
7.354920
7.658917
9.986539
9.782362
8.756937
8.643506
9.954777
8.366732
7.919811
8.144406
7.257369
7.305011
6.397556
6.642568
6.853552
6.442929
6.989669
7.323160
7.407099
7.028236
8.089957
7.899393
7.999214
7.817722
8.221539
9.224276
10.002420
10.717039
11.390826
12.205266
12.019237
11.744731
12.543292
9.746064
9.893525
6.340839
7.196116
6.948833
8.491507
10.134000
10.499250
10.149881
9.795973
8.030974
7.593127
8.285061
5.930216
6.433854
5.149805
5.340371
4.126649
4.682466
6.195647
6.513256
7.214265
7.223339
8.729714
7.198384
6.456540
6.842208
6.327228
4.362588
4.580377
4.044979
4.417036
4.271842
3.854413
3.162480
3.058122
3.330359
3.012749
2.926541
2.427441
2.343501
3.328090
3.915667
3.920204
4.106232
4.950165
4.569034
3.734176
3.945159
4.691540
4.537274
4.575840
3.625281
4.013218
5.038643
3.641162
4.047248
4.008681
4.035904
4.485095
4.453333
3.718296
4.761868
7.413905
6.966984
7.826796
7.824528
7.146206
7.556828
7.010087
6.043648
5.580847
4.750524
3.958770
2.856213
2.708752
1.676522
1.774074
2.059922
1.322615
2.096220
1.120707
2.057653
2.044042
2.359382
1.964639
1.608463
1.805835
3.473283
5.163417
6.935222
6.812716
6.824059
6.642568
6.381675
7.341308
6.318153
4.904793
4.687003
4.510049
4.069934
4.004143
4.090352
4.280917
4.158411
3.414298
2.586246
2.849407
3.357582
4.110770
4.044979
5.294998
5.932485
6.873969
7.286861
7.658917
8.847683
8.634431
9.144874
9.117650
9.160755
8.153480
7.305010
6.134393
7.295935
7.001012
7.305010
7.838139
7.663454
7.066803
6.699283
7.422979
7.250562
7.193847
8.473357
9.943435
9.648512
10.599071
11.297810
10.515131
11.710703
10.937097
10.773755
11.052799
10.410773
8.920279
7.808648
4.698347
5.850814
6.508718
5.764605
4.221933
4.394349
3.920204
3.577640
2.386606
3.005943
3.375732
3.550416
4.714227
5.106702
5.521861
6.420241
6.501913
6.204721
5.923410
3.455134
4.827659
3.586714
4.829927
5.301804
5.326758
5.721501
5.798635
7.413905
6.692477
6.252362
5.968783
6.118513
6.073140
6.365795
6.236482
7.082683
6.835402
7.770080
7.717902
7.470620
7.395755
7.261906
5.855351
6.706089
5.401624
5.800904
4.031367
3.334896
4.419304
4.879837
5.678397
4.843539
3.972382
2.847139
2.720095
3.307672
2.951496
3.398418
3.260031
2.590783
3.716027
4.893449
5.288192
5.739651
5.496906
5.236013
4.228738
4.305872
6.427047
4.126650
4.428379
2.917467
2.479620
2.937885
4.775480
2.742782
2.935616
3.541342
3.865757
3.588983
3.471014
3.210121
2.810841
3.151136
3.316746
3.502775
4.122113
5.982395
6.939759
8.956577
10.952978
9.496515
7.116713
4.975120
4.503244
3.319015
3.164748
3.216927
4.326290
4.083546
3.584446
3.829458
4.478288
4.580378
4.460139
4.755063
4.818585
4.666586
6.016425
6.776417
8.112645
7.477427
7.731513
6.728776
9.555499
8.489238
7.878975
7.613544
6.043649
4.979657
4.110770
5.299535
5.049985
3.629819
4.008681
4.770942
4.537273
4.882106
5.025030
6.538211
5.254163
6.812716
8.369001
9.591796
9.739257
9.655318
10.317759
9.017831
8.988339
3.373463
7.125788
6.710627
4.544079
1.245482
0.816709
3.423373
3.663848
6.594926
8.963383
6.136662
5.158880
6.486032
6.347645
4.478288
5.558160
5.403892
6.352182
7.327697
5.834933
7.393487
6.365795
5.113506
8.754669
6.461077
4.745988
3.892980
3.632087
4.296798
4.294529
3.868025
4.464677
4.242350
4.128919
4.473751
4.122112
5.009150
5.866694
4.941091
4.326290
5.791830
7.554559
7.831334
6.456540
4.407960
3.353045
4.652974
5.723770
5.682934
5.392549
7.084953
4.816316
3.627550
4.705153
5.433385
8.087690
6.293198
7.032774
7.622620
8.924816
8.552760
8.736520
7.913005
7.715632
8.416643
11.007425
11.243363
10.481102
11.633569
9.691616
10.063673
11.597271
9.142606
8.167092
7.969720
4.782286
4.344439
4.249156
4.984195
4.814047
5.025031
5.231476
6.456539
6.411167
5.347176
5.510519
4.469214
7.640769
7.901662
9.700691
8.761475
9.292335
9.219740
9.891255
9.294604
10.755606
8.965651
8.384882
8.325896
7.618082
5.385744
2.484157
2.384337
3.003675
2.506843
2.615738
2.184697
2.645230
2.654305
2.928810
3.087614
3.314478
2.883437
3.824921
3.384806
2.366188
3.904323
3.845339
4.324021
4.421573
4.550885
4.358051
4.485095
4.228738
3.103495
2.670185
2.876631
2.817647
2.629350
2.758662
3.332627
4.158411
3.895248
3.956502
3.713758
3.632087
5.301804
5.483295
8.055929
7.856288
7.418442
7.745127
6.456540
7.722439
8.167092
7.795035
8.854489
8.409835
6.340840
6.113976
5.739651
5.385743
5.755532
5.896186
6.429316
5.921142
6.166155
5.719233
6.102633
7.282324
5.896187
7.584052
10.213403
9.029175
7.289129
8.618549
6.966983
7.250562
8.282792
5.608070
3.566297
2.599858
2.071265
2.783617
3.570834
5.456071
5.476489
5.310879
4.775480
5.297266
5.737382
5.015955
5.247356
4.480557
4.451065
5.603532
6.347645
6.585852
6.547285
6.862626
7.613545
7.393487
8.516461
8.373538
7.826796
6.656180
8.099033
5.428848
5.249625
4.403424
4.140263
3.666116
3.266837
3.439253
3.452865
3.257762
2.733707
4.054053
3.636624
3.039973
2.751856
3.582177
3.770474
4.267306
4.521393
5.177029
4.110769
3.505044
3.734176
2.400218
3.296329
2.627081
3.750056
2.674723
3.387074
3.309941
2.225532
3.123912
2.726901
2.472814
1.417898
2.715558
3.436984
3.155674
4.060859
5.045447
5.274580
5.775949
6.960176
6.381675
6.549554
7.177966
6.191109
8.400762
4.755062
3.657042
3.167016
3.990532
3.811309
2.747319
2.316278
2.524993
3.148867
4.398886
4.882106
7.182503
6.363526
6.118512
7.692947
7.529605
8.282793
9.135801
10.129463
8.248763
6.499644
6.912536
6.585852
4.988732
4.966046
4.861689
5.707890
6.068603
5.104432
5.285923
6.143469
5.494638
4.269574
4.854882
4.169754
3.434716
4.507781
4.289992
4.732376
5.456071
7.851753
8.407567
8.686610
8.847684
7.159817
6.510987
6.134393
4.596258
3.162480
2.583977
3.244150
4.253693
4.736913
4.711959
1.726432
4.026830
3.078540
1.973714
2.264099
4.094889
4.217396
3.255493
3.752325
3.634356
5.011418
5.571771
4.986463
6.154811
8.337240
3.632087
4.793629
4.453334
4.891181
6.023230
5.154342
5.471951
3.729638
4.693809
5.716963
7.881245
7.584052
6.794567
5.211058
4.938822
3.915666
4.618944
4.094889
3.235076
2.325353
3.214658
2.481888
3.527730
3.759130
3.282717
4.251425
3.598058
3.284986
2.672454
2.817647
3.030898
2.520455
2.817646
2.345770
2.781349
2.479619
2.248219
2.937885
3.226001
3.271374
3.180628
4.407961
3.400686
2.293592
2.497769
2.853945
2.788154
3.291792
3.114838
2.999137
2.667916
2.234607
1.544941
1.313541
1.390674
1.982788
1.778611
1.363451
2.338964
2.377531
2.738244
2.897049
2.783617
3.396149
4.398887
4.637093
4.110770
4.764137
5.013687
4.839002
5.941559
6.077678
5.301804
5.136193
6.302272
4.723301
5.499176
4.333096
3.940622
4.791360
5.828127
5.154343
4.233276
4.478288
3.495969
3.675191
6.061797
5.276849
6.089020
6.361257
4.339902
5.417504
5.694278
7.402562
5.803172
5.490101
5.769143
5.213327
4.537274
3.325821
2.747319
2.962839
3.495969
3.387075
3.593521
4.038173
3.756862
3.713758
3.956502
3.371194
3.868025
4.700616
4.255962
6.023230
7.207458
7.447934
6.370332
6.540479
7.257368
7.511456
6.225140
5.692009
5.068134
3.591251
3.745519
4.675660
5.206521
5.483295
6.651643
6.658449
6.803641
6.699284
6.669792
6.724239
7.037310
6.386213
6.379406
5.819053
7.838140
7.996944
6.844476
8.307747
8.160286
6.454271
5.340371
5.589920
7.763274
9.702960
4.491901
4.165217
3.729638
7.586320
7.289129
6.638031
6.495107
7.084952
4.451065
5.331296
9.040517
9.993345
10.612682
10.084091
10.199791
10.383551
10.830471
11.011962
10.109044
11.805985
10.798710
10.887187
9.516930
8.099032
6.277317
5.390280
6.803642
5.285923
5.735113
5.598995
4.532736
4.566765
4.494170
4.780018
5.213327
6.669791
6.054991
6.619882
7.293667
6.964714
5.526399
5.848546
5.435653
5.796367
4.761868
3.711489
4.006412
2.522724
1.830790
2.835796
1.429241
1.084408
1.603926
1.256825
1.631150
2.511381
2.468277
3.162479
3.396149
2.842601
3.355314
3.865756
3.947428
4.818584
4.480557
4.922941
5.145268
3.550417
3.489163
4.997807
5.167954
4.321752
3.865757
3.359851
3.284985
3.291792
3.373463
3.983726
3.269106
3.688803
3.448328
3.750056
3.105763
3.169285
3.756862
4.387544
5.558160
6.399824
6.349913
6.794567
6.667523
7.239219
5.705622
10.578653
5.349445
5.133925
3.595789
3.468746
0.809903
4.460139
5.873501
5.689740
4.333095
6.724238
6.188840
6.966983
6.524599
7.683872
10.354057
9.594064
9.882182
9.163022
8.527805
10.660323
10.399431
9.519200
10.011494
10.040986
9.510127
7.168892
4.271843
5.063596
4.680198
6.756000
5.238281
4.532736
4.607601
5.589920
5.741919
4.947896
6.182034
7.323159
9.823198
8.922548
8.949771
8.341777
7.953841
9.090426
9.752870
6.894387
7.284592
6.250094
5.687472
6.009618
2.654305
1.429241
2.200577
2.901586
2.958302
3.393880
3.586714
3.670654
4.031367
3.917935
4.770942
6.179766
7.375338
8.750132
8.707027
7.901662
7.581783
7.742857
6.733313
6.676598
7.395755
7.922080
7.286861
3.947428
3.854413
3.722832
4.194709
3.933816
4.287724
2.586246
3.024093
4.294530
4.221933
2.232338
4.042711
5.197447
5.152073
5.440190
4.607601
4.555423
5.174759
5.540011
5.653442
4.555422
5.517324
5.331296
5.290461
5.510518
4.206053
4.736913
4.498706
4.149337
4.521393
5.081746
4.530467
3.892980
4.637094
3.970115
4.262769
5.422042
7.928884
7.368532
8.745594
7.931153
7.840408
7.425248
7.053191
8.067274
8.067271
8.214733
7.284592
6.495107
4.371663
5.025031
5.943828
5.000075
4.662048
3.974651
4.006412
5.555891
3.720564
4.476020
6.721970
9.070009
9.555498
9.587258
10.202059
9.491977
9.739257
10.991544
11.390826
10.472028
11.002889
10.356327
9.691616
8.629893
6.862626
6.601732
6.746926
6.771881
6.016424
5.471952
5.279117
4.612139
4.748257
4.628018
4.662048
5.378937
5.714696
6.749194
6.758269
7.243757
7.942496
7.554559
7.611276
7.177967
6.374869
5.381206
5.383475
3.840802
2.608932
2.490963
3.761400
4.403424
3.514118
2.073534
2.577171
2.057653
1.721895
1.549479
1.538136
1.994131
2.758662
3.012750
4.766405
6.526868
7.413905
6.998744
7.089489
7.293667
6.873969
6.175229
8.262374
8.228346
4.702883
4.305872
4.035904
3.577640
3.511850
4.240081
3.763668
3.938352
3.729639
2.847139
3.956502
5.122581
5.478757
5.304072
7.214264
7.538680
8.918011
8.582254
8.913474
8.827265
9.369468
8.992875
8.806847
8.663923
7.227876
5.735113
5.471952
4.759599
3.958771
3.933815
2.348039
3.493700
2.704214
2.711021
3.713759
4.403424
4.691540
4.979658
6.356720
6.767343
6.175230
8.482432
7.829064
6.674329
6.991938
7.518262
6.964715
5.569503
4.462408
3.931547
2.740513
2.159742
2.103026
1.556285
1.960102
1.050379
1.193303
0.923335
1.810372
2.318547
2.901586
4.117575
5.857620
6.023230
5.342639
5.943828
5.574040
4.473751
4.843539
5.281386
5.875769
4.575840
3.693341
3.536805
3.663848
3.001406
2.699678
2.245950
1.878431
2.039504
2.214189
1.805835
1.057185
1.823984
1.776342
2.191503
3.371194
3.641162
2.359382
2.951496
3.343970
2.622544
2.357113
2.400217
2.422903
1.134318
1.381600
0.891574
1.996400
1.858013
2.000937
2.745050
2.441053
2.695140
2.279980
2.266368
2.431978
2.931078
3.359851
3.775011
4.117576
3.611670
5.115775
8.632162
6.413436
7.255100
5.399356
5.503712
4.793629
2.881168
1.465539
1.122975
1.560822
3.044510
4.698346
3.756862
4.069934
4.165216
4.206053
3.661579
3.074003
5.338102
5.900724
6.930685
8.223808
9.501050
10.208866
10.751070
11.016500
11.095902
11.901268
10.111315
11.216139
7.683872
5.113507
3.965577
3.173823
2.354845
2.375262
2.445590
2.570365
2.372994
2.250487
2.010012
2.252756
3.543610
6.045917
7.162086
8.561835
8.870369
10.918949
10.388089
10.027374
10.006957
8.800042
8.979263
9.192515
7.847214
4.448796
4.385274
3.466477
3.169286
3.636624
3.398418
2.336696
2.574903
2.867557
2.368456
2.894780
2.865288
3.922472
4.419304
3.618475
6.327228
7.633963
5.653443
6.066334
6.635762
4.535005
4.289992
4.680197
2.261830
3.418835
5.090820
5.149804
4.877569
5.832666
8.700221
7.824528
9.637168
10.238356
11.930761
10.115851
10.771487
9.022369
9.158487
8.389418
8.434792
9.140337
12.518338
12.404905
12.833678
11.318228
12.497920
12.275592
10.147613
7.080416
6.476958
7.504649
6.061797
5.939291
6.631225
5.388012
5.809979
5.639831
5.177029
6.288661
9.033711
10.344982
10.360864
9.555498
9.131263
9.736988
9.432991
8.956577
8.759208
9.324098
8.822729
5.946097
4.922941
3.382537
2.495500
2.776811
3.160211
3.033167
2.593052
2.819915
2.801766
2.638424
2.302666
1.771805
2.422904
2.563559
1.808103
3.423373
3.570834
3.092151
3.523193
2.756393
3.611669
3.582177
4.131187
4.067665
2.869825
2.799498
3.330358
3.718295
4.169754
4.603064
4.789092
6.606270
4.966046
4.848077
4.968314
4.478288
5.294998
4.348977
4.364857
2.688334
2.357114
4.736913
4.498706
6.041380
4.548616
3.471014
4.265037
3.945159
2.200577
2.168817
3.992800
4.017755
3.668386
4.480557
3.135256
3.033167
3.543610
2.797229
7.366263
9.090428
8.913474
10.551430
10.517399
10.131731
9.439798
9.771018
9.684810
9.414842
10.181641
9.083622
7.776888
6.045916
4.575840
2.289054
2.200578
1.966908
1.660642
2.162011
2.477351
2.336695
2.783617
2.463739
2.543142
2.770005
3.173822
4.287722
6.209259
5.982394
5.542280
6.270511
5.553622
8.766012
6.540479
5.782755
3.473283
3.591251
4.097158
5.199715
3.611669
3.636624
3.820384
3.550416
3.389343
4.008681
4.385275
3.455133
2.676991
2.536336
3.970114
3.911129
4.775480
4.564498
5.113508
4.700615
4.904793
3.430178
1.662910
2.429710
3.248688
3.511850
3.672922
4.026829
4.208321
4.510050
3.820384
4.165217
4.156142
3.058122
4.437453
5.608070
6.649373
6.098094
7.937960
9.246963
10.086359
9.396694
8.831802
7.402562
8.198853
7.413905
6.746926
4.496438
7.023699
7.432054
5.712427
5.453802
5.984663
5.156611
6.036842
6.483763
7.257368
5.891650
5.528667
5.499175
5.322222
4.950165
6.674329
7.502380
7.722439
7.620350
7.316353
8.285060
7.620350
7.422979
8.874907
9.419380
8.645775
7.087221
5.898455
4.437453
2.946959
2.295860
1.617538
2.407024
1.649299
3.307672
2.892511
3.396149
2.899317
2.445590
2.860750
3.328090
2.636156
2.168817
2.173354
2.765468
2.534067
3.037704
3.890711
3.262299
2.137055
2.631619
4.335365
3.847608
3.500506
3.461939
2.481888
2.028161
1.991863
2.384337
1.660642
1.499569
2.742782
2.352576
2.059922
1.985057
2.189234
1.631150
2.495500
2.774542
1.985057
3.541342
3.809041
2.931078
3.064928
2.785886
3.343970
3.679729
3.933816
4.337634
3.191972
3.280448
1.996400
3.089883
2.878899
3.738713
4.596257
5.093089
4.569034
4.773211
4.662048
3.888443
4.505512
3.071734
2.286785
2.377531
4.049517
3.965577
3.613938
5.158880
5.696547
5.959709
3.786354
2.422904
4.360320
4.305873
3.471014
4.183365
4.571302
5.288192
4.986463
7.114445
7.996944
7.595396
8.341778
8.466551
8.253300
6.919342
9.017829
7.677066
8.688879
6.354451
6.297735
5.288191
3.666117
3.364388
3.990531
3.108032
3.087614
3.829458
2.931078
3.915667
4.367126
4.503244
3.949696
3.545879
4.414767
3.180629
3.924741
3.296329
3.142062
3.221464
3.010481
3.203315
3.309941
4.319484
3.071734
5.526399
2.894780
2.010012
2.431979
2.334427
2.377531
2.041773
2.701946
2.348039
1.141124
2.472814
2.529530
2.354845
3.695609
4.482826
4.736914
6.610808
5.456071
4.160680
3.103495
5.152074
5.966514
4.995538
5.410698
7.502381
5.780486
5.787292
5.635293
4.979657
4.562229
3.604864
3.253225
3.659311
3.908861
3.577640
3.250956
4.761868
5.521862
5.263236
4.927479
6.261438
6.018693
7.615813
5.608070
7.427516
8.264643
10.624026
7.935691
6.052722
5.667054
3.722832
3.940622
4.233276
4.571303
5.462877
5.819053
4.814047
4.956972
5.313147
5.433385
4.460140
5.199715
6.290929
5.251894
8.037779
8.627625
8.834072
9.011025
8.657118
5.828128
5.617144
5.304072
2.849407
3.051316
1.535867
1.828521
2.931078
2.872094
2.586246
2.477351
2.729170
3.089883
2.758662
3.291791
3.214658
4.258231
4.337633
5.766874
5.399355
6.263706
6.635763
7.121250
8.582253
7.672529
6.200184
5.535474
5.746456
6.767343
7.652112
7.094027
7.475157
5.868963
4.144799
4.303604
3.216927
2.919735
2.518187
2.883437
3.194240
3.534536
2.418367
1.828521
2.463739
3.368925
4.299067
3.879368
4.603064
5.787292
6.667523
6.996476
6.388481
4.984195
5.796367
5.775949
5.281386
4.405693
5.535473
3.638893
5.254162
6.839940
4.671123
4.553154
4.156142
3.827189
4.242350
3.498237
3.582177
3.886175
5.324490
4.827659
3.833995
4.124381
4.160679
3.906592
4.283187
4.101695
3.874831
4.362589
3.582177
3.484626
4.446528
4.113038
4.596258
5.446996
4.196978
3.752325
4.460140
4.335364
4.723302
4.437454
3.704684
4.770943
3.616207
3.759131
2.429710
2.901586
3.260031
3.112569
2.636155
2.191503
3.108032
1.971445
1.268168
1.274974
1.265899
2.078071
1.118438
2.817647
3.781817
2.763199
4.480557
6.272781
7.350383
10.433460
9.070010
9.022369
9.104039
9.351321
9.888988
8.164823
10.447072
9.319559
8.446136
6.662986
5.267774
4.485094
4.013218
3.638893
3.759131
3.797698
4.652974
4.321753
4.231007
3.725101
4.101695
5.365326
4.605332
5.190640
6.697015
6.331765
7.441128
6.767342
7.885780
9.439796
8.518731
6.576778
6.873969
5.147537
3.241881
3.114838
1.086677
2.248219
2.164279
2.572634
2.706484
2.257293
2.103026
2.118906
3.212389
3.164748
5.049986
5.887112
6.923880
8.355389
9.952510
10.766950
10.653518
11.281929
10.524205
10.192985
10.036448
11.025574
12.541024
9.303680
11.086827
10.528743
13.428060
11.202529
12.039654
10.660323
11.023306
10.354058
10.183909
9.090428
8.872640
9.825466
9.882182
11.372675
11.461152
11.207065
12.028310
10.857697
12.144012
15.249777
8.171629
8.400760
7.125788
8.341777
8.244225
8.330434
8.566373
8.364464
9.426186
7.817722
10.077284
11.195722
7.690677
10.038716
8.861295
10.079552
11.175303
11.431662
11.182110
12.080490
10.587727
9.550960
10.703427
9.519200
10.047792
8.221538
5.925679
4.922941
4.562229
5.167954
4.135724
3.917936
4.008681
4.330828
3.507312
4.335364
4.242351
5.181566
5.868963
7.180235
7.627156
7.690678
7.280055
6.635762
4.167486
3.874831
3.223732
1.951027
3.602595
2.887974
3.829458
3.260031
3.711490
2.686066
2.599858
3.353045
2.774542
2.633887
2.912929
3.228270
4.655242
4.886643
4.203783
4.278649
4.745988
3.727370
3.643430
3.248688
2.647499
1.744581
2.139324
0.780411
3.230539
3.289523
3.979188
3.672923
4.206052
4.056322
4.187903
4.271843
4.008681
4.882106
3.287255
2.588514
2.711021
4.775480
4.612138
6.138931
5.360788
4.759600
5.873500
6.132125
7.227877
6.102632
6.340839
5.002343
4.174292
3.221464
4.303603
4.435185
8.137599
4.562228
4.895718
4.997806
3.840802
2.300397
2.400218
3.350776
2.359382
5.065866
5.825859
3.761400
3.167017
3.353045
2.731439
2.767737
2.123444
4.748257
2.779080
2.624813
4.707421
4.687003
4.228739
3.949696
3.999606
4.446527
4.231007
5.127119
9.682541
4.723301
7.751931
5.133925
5.617144
2.860751
5.183834
5.583115
6.592658
7.398024
7.781424
7.554559
3.450596
3.820384
5.204253
3.262299
3.831727
5.381206
4.491901
6.363526
5.426579
5.011418
4.684734
4.339902
3.346239
1.746850
1.658373
2.200577
1.833058
3.053584
3.647968
3.847607
4.882106
4.639362
5.031836
5.996007
5.603532
5.710159
6.093558
6.928417
5.106701
4.231008
5.381206
7.856289
6.676597
4.798167
5.099895
3.799966
3.287254
2.953765
3.725102
5.013687
3.736445
4.335365
3.797698
3.450596
4.140261
3.402955
3.525461
2.182428
2.620275
1.876162
3.457402
3.130718
2.375262
3.015018
2.137056
1.406555
1.685597
1.896580
1.451928
1.617538
1.068528
0.900649
1.002737
1.653836
1.626612
2.021355
1.837595
2.443321
2.844870
2.967377
2.999138
3.436984
3.750056
3.579909
4.348977
4.650705
4.795898
4.707421
4.022293
3.269105
3.230538
3.650236
2.615738
2.391143
2.604395
2.756393
3.273642
2.672454
3.064928
3.768205
3.804504
3.700146
3.316747
4.265037
4.702883
5.814516
7.021430
9.022367
7.046385
6.064066
7.388950
5.828128
3.455134
2.788154
2.897049
3.085346
2.690603
0.000000
6.819522
3.024093
4.882106
3.641162
4.160679
3.936084
3.042242
3.053585
3.226001
2.667917
2.994600
2.863019
3.632087
2.445590
3.668385
2.806304
3.446059
2.393411
3.441522
4.943360
2.735976
2.248219
2.350307
2.057654
3.121644
1.690134
2.638424
2.785886
3.382537
4.106233
4.289992
3.303135
4.174291
4.165217
4.775480
4.984194
7.949302
6.368063
5.186103
5.608070
3.988263
2.974183
2.023624
1.998669
2.291323
2.427441
1.819446
2.336696
3.067196
3.686535
4.149336
3.588983
3.051316
3.495969
4.092620
3.273642
4.072202
5.596727
5.891649
5.982395
6.928416
6.774149
4.244619
4.240082
4.691541
2.908392
2.940154
3.831727
4.952434
4.868495
5.898455
4.859420
6.309078
4.941091
5.662517
5.569503
6.275048
8.244225
11.082291
9.523737
11.195722
9.437529
9.809584
9.292335
12.845020
12.407173
7.767811
8.201120
7.463815
9.013293
5.771412
4.192441
4.804972
5.020493
5.934753
3.645699
5.156612
2.745050
3.838534
3.931547
3.761399
4.798166
4.800435
6.061797
5.787292
5.850814
5.909798
5.803172
5.764606
5.610338
3.316747
3.312209
4.287723
2.897049
2.885706
2.717827
2.883437
3.761399
3.858951
3.334896
2.695141
3.387074
4.693809
3.804504
5.031836
5.049985
5.002344
7.463815
6.331765
7.084952
8.859026
8.062735
8.754668
10.923486
9.800511
9.423917
7.545485
5.408429
3.936084
3.539073
4.292261
3.189703
4.691541
6.064065
6.349914
5.673859
6.819522
5.961978
7.057728
10.481102
7.184773
9.389887
10.719308
13.205734
11.186647
11.356794
11.901268
12.227951
6.020962
7.597663
10.512864
8.096764
5.533205
4.292261
4.110769
4.528199
4.489633
4.038173
5.290461
5.785024
4.235545
4.489632
4.115307
4.825390
7.733782
6.966983
6.606270
6.765074
6.372600
6.497375
6.526868
6.980595
7.357188
7.429785
6.547285
6.476958
6.363526
5.201983
5.283654
5.705620
5.712427
5.698815
5.685204
5.363057
5.027299
7.084952
6.349914
6.853551
8.257837
10.054598
12.139474
13.228421
11.715240
11.016500
13.414449
9.591796
9.029174
13.822804
9.861765
8.811385
7.844945
5.433384
8.893056
4.464677
5.952903
6.474689
5.946097
6.218332
5.614876
5.258699
6.631225
7.239220
8.094496
7.906199
7.418441
6.996475
8.967921
8.961115
7.692946
7.143937
9.984269
8.344045
3.203315
4.854883
4.825390
5.594458
4.659780
4.641631
4.401156
4.115306
4.766406
4.224202
5.369863
4.426110
4.371663
5.680666
6.833134
6.383944
8.321359
9.144874
9.260575
9.904868
9.560035
10.147612
8.879443
9.809585
7.314084
6.300003
4.367125
5.256430
6.309079
8.103570
7.726976
5.456071
6.524599
5.233745
6.876238
8.319090
8.793236
8.983802
8.815922
8.212464
8.350852
8.847682
9.079085
10.199791
10.485640
10.188448
10.199792
7.236951
6.901192
7.064534
5.862157
7.250563
4.997806
6.880775
6.245557
7.985602
6.683404
5.841739
4.580378
7.869901
7.218802
5.937021
6.456539
9.215202
8.246494
8.859025
10.265581
9.814123
10.585459
9.888987
10.435728
6.340839
7.913004
5.056791
4.208321
4.183366
6.406629
6.172960
7.976527
7.636230
8.289598
5.476489
4.151605
5.453803
4.943359
4.929748
7.425248
10.390356
10.567310
14.360470
12.259712
13.865908
13.831880
13.770626
11.313690
9.888988
9.845884
8.650311
7.250563
8.584521
5.968784
5.621681
8.223808
8.518731
7.572709
7.250562
7.123519
5.948365
6.356720
7.441127
8.232882
7.366263
7.066803
8.092227
7.681603
7.711096
6.354452
6.542748
5.723771
5.762337
4.113038
3.005944
2.570365
2.758662
2.500037
2.661110
1.939684
2.300397
2.021355
1.206915
2.034967
1.644761
2.250488
2.804035
3.813578
4.569034
5.592189
6.007350
5.501444
7.255099
6.697015
6.406630
3.897518
4.698346
5.687472
4.308141
3.112570
2.717826
2.670185
3.164748
3.003675
3.695609
2.980988
3.325821
3.137525
3.257762
2.901586
4.466946
4.700615
4.961508
6.424779
5.839471
5.578577
5.285924
4.571303
5.419773
5.782755
4.482826
4.119844
2.724632
1.960102
1.544941
1.969176
2.273174
2.211921
2.618007
2.565828
2.393412
2.590783
1.774074
1.066259
1.613000
0.635218
2.359382
3.459671
3.219195
3.727370
4.734645
5.319952
4.789093
5.038642
3.486894
3.357582
3.681997
3.652505
3.754594
2.642962
3.157942
2.486426
2.726901
2.450128
2.039504
2.844870
2.375262
2.441053
3.148867
4.065397
5.601264
7.443397
8.071810
7.663456
7.806379
7.545485
8.189777
8.396224
8.153479
7.776887
6.252362
5.102164
4.988732
5.000076
4.691540
4.528198
3.457402
1.719626
1.715089
1.882968
1.706015
2.289054
1.510912
2.354845
2.005475
2.513649
2.735976
3.548147
3.879369
3.559491
3.561759
5.841739
4.026829
4.308141
3.575371
2.679260
2.919735
2.711021
3.039973
2.983257
2.404755
3.039973
2.674723
2.109832
2.456933
2.413829
2.105295
1.787686
2.152936
2.590783
2.924272
3.938353
4.006412
4.535005
5.174760
6.926147
5.560428
3.607133
2.797228
3.210121
1.413361
1.526792
1.817178
1.299929
2.098489
1.649299
1.624344
1.526792
1.336227
1.200109
1.519986
1.374794
1.699209
3.055853
3.525461
2.872094
2.618006
3.080809
3.176091
3.888443
3.806772
4.001875
4.024562
3.432447
4.156141
3.232807
8.101300
5.229208
6.805910
4.575840
4.848077
4.269574
3.709221
3.886175
3.108032
2.708752
6.558629
6.336302
5.887112
10.186178
7.286861
6.844476
5.099895
5.823590
4.641631
4.444260
2.828990
2.034967
2.654305
2.266368
2.554485
2.658842
3.153405
3.357582
2.838064
1.603926
2.490963
3.564028
4.941091
6.458807
7.146206
7.078146
6.016424
6.910268
6.127587
5.270043
13.289674
12.572784
8.380342
6.148005
3.468745
5.642100
2.091683
3.702415
3.570834
4.705153
4.149336
4.696078
3.917935
3.409761
3.053585
2.828990
4.199246
5.183835
6.270511
7.965184
7.804110
6.676598
6.372600
7.125788
6.129855
6.411167
5.830396
4.587183
4.126651
3.112569
1.699209
1.842133
1.771805
2.191503
2.722364
3.568565
3.491432
2.828990
2.552216
2.411561
2.804035
3.611669
5.415236
5.410698
5.778217
5.653442
5.195178
4.897986
5.383475
4.464677
4.371662
3.434716
2.590783
2.983257
2.683797
2.379800
2.561291
3.096688
3.112569
3.241881
2.579439
2.109832
1.842133
1.862551
1.880700
2.050847
2.025892
2.388874
2.239144
2.763200
2.182429
1.485957
3.924741
2.366188
5.256431
4.743719
4.278649
4.083545
4.017756
4.655242
3.786355
4.206053
3.117107
4.439722
4.398887
4.392081
4.044979
3.856682
4.954702
5.093089
6.030035
8.237420
10.306417
9.741526
6.383943
7.842676
7.826796
6.585852
7.450202
9.403499
5.637562
3.178360
4.208321
2.742782
3.961040
3.883906
2.604395
1.576703
3.312209
2.819915
2.683797
2.064459
2.740513
2.910661
3.284986
3.493701
3.087614
2.844870
4.414767
4.178829
5.249625
4.206052
1.578971
3.294060
2.502306
2.497769
2.202846
2.395680
2.209652
2.518187
2.559022
2.214189
2.574902
2.867557
2.745050
2.191503
1.252287
2.606663
2.713289
3.096689
3.843070
3.253225
5.619413
4.337633
5.859889
7.091758
5.399355
4.841270
3.010481
3.024092
2.329890
1.860282
2.019086
2.869825
1.535867
2.536336
2.645230
2.883437
3.709221
2.899318
2.974183
3.205583
3.609401
2.962839
4.573571
5.322222
5.959708
5.544548
3.484626
3.162479
1.960102
1.583508
2.345770
2.502306
3.178360
2.844870
3.641161
2.320815
2.683797
1.814909
1.631150
2.724632
3.607132
4.439721
4.807241
6.354451
10.009224
8.874906
11.154886
10.097701
8.840877
6.569972
5.399355
4.945628
6.161617
5.744188
5.737382
6.265974
4.984194
5.714696
7.141669
6.218333
7.910736
8.167092
7.897124
7.143937
6.894387
7.447934
9.074547
10.828203
10.714771
10.435728
10.821397
10.501520
11.325036
12.575053
9.575916
8.257837
8.287329
7.527336
5.989201
5.515056
5.378938
5.898455
5.458340
5.104432
3.784086
4.426110
3.777280
4.008681
3.573102
5.072672
6.363526
7.667991
7.586321
7.910736
7.105370
8.375806
8.999682
7.007819
7.257369
6.184303
7.429784
5.331296
4.476020
3.039973
3.087615
3.207853
2.652036
2.329890
2.876631
3.636624
3.051316
3.230539
3.616207
2.291323
3.341702
4.124381
4.265036
3.988264
4.616676
5.440190
5.653442
5.678397
5.331296
5.893918
7.012356
5.133924
4.575840
2.352576
1.873894
2.722364
2.268636
2.316278
2.520455
2.343501
2.080339
3.144330
2.447859
2.960571
4.151605
4.528198
5.163417
6.234213
6.490570
7.084952
6.669792
7.447934
10.047791
9.026905
8.146674
6.706090
5.671591
3.951964
4.201515
4.462408
4.387543
4.165217
3.763668
4.058591
5.192909
3.981458
3.951965
4.004143
4.582646
5.002343
5.049985
4.319484
4.897987
5.324490
4.557691
5.233745
5.846276
3.852145
5.574040
3.861220
2.606664
1.336227
1.440584
1.329421
1.508643
1.583508
1.014080
1.073065
1.436047
1.340764
1.796760
2.534067
1.951027
3.539073
6.281855
6.424779
6.626687
7.078146
6.424779
7.264174
6.197916
5.190640
6.708358
6.397555
4.131187
4.074471
3.575371
2.631618
2.450128
2.393412
2.245950
2.686066
2.307203
1.808103
2.182429
2.125713
2.878900
2.470546
2.416098
5.422042
4.816316
4.628019
4.609870
5.136193
4.348976
3.768205
4.437453
4.047247
5.238282
3.731907
3.568565
2.270905
2.366188
3.221464
2.125712
2.338964
2.613469
2.479620
2.897049
3.049047
2.395680
2.164279
2.211921
3.686534
3.892981
4.190171
4.065397
5.349445
4.693809
4.246888
4.500975
4.462408
3.421104
2.686065
2.588514
2.393412
2.003206
2.216458
1.964639
1.703746
1.699209
2.062190
1.125244
1.458733
1.889774
3.207852
2.468277
3.818116
4.042710
4.546348
4.330827
3.922473
3.350776
3.586715
4.650705
3.634356
3.945159
4.040442
3.051316
3.452865
3.534536
3.205584
3.121644
2.742782
2.749588
2.588514
2.583977
1.994131
2.182429
2.091683
3.223733
4.017755
4.870762
4.780017
5.968783
6.660717
7.130325
6.554091
7.182504
5.149805
4.559959
4.421573
2.912929
1.955565
2.245950
1.948759
1.853476
2.202846
3.085346
2.838064
2.352576
2.363920
2.173354
2.574903
2.779080
3.368925
3.663848
3.643430
3.477820
3.457402
3.064928
3.296329
2.661111
2.568096
2.379800
1.969177
2.236876
2.479620
2.334427
1.356645
1.721895
1.721895
1.442853
1.247750
1.426972
2.363920
2.724633
2.828990
2.309472
3.155673
3.132987
2.368457
2.000938
2.352576
3.001406
3.820384
4.471483
3.632087
3.695609
3.668386
3.210121
3.241881
2.731439
3.495969
3.593520
4.097158
3.845339
3.985995
3.353045
3.716027
3.686535
4.925211
4.852614
4.850345
5.283655
6.025499
6.356720
5.741919
6.790029
5.966514
5.812247
5.564966
4.798166
4.426110
5.029568
5.648905
6.095826
6.499644
5.315415
5.097626
4.782286
3.414298
4.221933
3.548148
4.215127
4.541811
3.421104
6.231945
5.635293
5.285924
5.657980
6.086751
5.773680
5.748725
5.245088
6.324959
7.874438
5.152073
5.884844
3.786354
2.545410
3.312209
3.198778
2.497769
2.881168
2.010012
2.679260
1.803566
2.416098
2.658842
2.715558
2.311741
2.524992
2.404755
3.405223
3.600326
3.870294
3.337164
4.634824
3.720564
3.942891
4.823121
6.079946
5.056791
6.454271
6.662986
5.662517
5.074940
4.936554
3.532267
4.780017
5.737382
3.706952
5.564965
7.334501
7.425247
9.287797
9.235620
9.482901
10.558235
8.600402
9.280992
7.765544
7.336771
4.650705
2.731438
3.613938
3.697878
3.334896
2.842602
3.260031
3.378000
3.355314
3.337164
3.087614
2.658842
2.717827
3.169285
4.088083
5.574040
6.281855
5.505981
6.808179
5.948366
5.152074
5.283655
4.494169
3.629818
1.826253
2.527261
3.248687
3.094420
3.450596
2.749588
3.030898
2.999138
3.400686
3.142062
4.165217
4.537273
4.596258
3.595789
2.935616
3.716027
2.831258
4.153874
5.088552
4.711959
5.887112
8.065003
6.417973
6.588121
1.762731
2.549947
3.378000
2.168816
5.782755
3.963309
3.112569
3.945159
4.922942
5.667054
7.175697
8.663923
7.658918
8.248763
10.717040
11.245632
9.773287
8.695686
9.655317
6.234214
5.782755
8.226075
7.352652
4.956972
3.863488
7.348114
4.029099
3.094420
2.633887
3.484626
5.020493
4.784555
5.090821
5.961977
6.538211
7.981063
8.328164
9.596334
10.771488
11.427123
11.898999
13.897668
11.338646
12.556904
12.119056
11.894462
10.317760
9.830002
10.152150
7.540949
8.264642
8.312285
8.462015
12.824603
8.414374
10.272387
7.241488
8.865832
7.509187
5.412967
6.640299
7.087220
7.822260
8.614013
8.920279
10.222478
9.895794
7.824527
7.531873
8.083152
7.046385
4.233275
1.719627
1.172885
2.445590
2.309472
2.488694
2.459202
2.801766
3.348508
3.700146
3.477820
3.897517
3.933816
3.314478
4.333096
5.084015
5.984663
5.462877
5.698815
6.488300
7.427516
6.290930
4.441991
3.089883
2.463739
1.585777
2.711021
3.074003
3.228270
3.112569
5.329027
2.999137
3.507312
3.105763
3.446059
3.216926
3.028630
3.089883
3.750057
3.359851
3.473283
3.069465
3.666117
3.194240
3.341701
1.231870
3.176091
3.888443
4.076740
3.958771
4.215126
3.940622
3.638893
4.235544
4.818584
4.752794
3.711489
4.569034
5.158880
5.031836
4.918403
4.589452
4.911598
3.645699
5.669323
5.859889
3.727370
4.405692
4.891180
5.825859
4.469214
2.974183
3.843071
1.991863
3.495969
3.802235
6.358989
8.015092
4.258231
3.600327
3.607132
2.885705
3.611670
3.886174
3.593520
3.668385
5.238282
4.167485
5.156611
4.589451
4.641630
5.707890
4.219665
3.881637
4.201515
3.672923
2.572634
2.443322
2.087145
1.213720
0.862082
1.610732
1.599389
1.091214
1.701477
3.999606
1.932878
5.029568
4.283186
4.249156
5.796366
5.335833
4.047247
4.085814
3.591251
4.115307
3.568565
3.353045
2.976451
2.983257
3.269105
2.992332
1.508643
1.100289
1.481420
2.048579
1.442853
1.706015
1.120706
1.340764
1.211452
1.467808
0.660173
1.481420
0.918798
1.923804
2.679260
3.922473
3.588983
4.047248
4.183366
4.530467
4.544079
3.818116
2.969645
2.654305
2.134787
1.778611
1.519987
1.415629
0.871156
2.186966
1.329421
1.606195
1.903386
3.332627
2.817647
2.479619
3.498238
2.191503
2.314009
2.735976
2.813109
3.550416
4.044979
5.249625
3.797698
3.584445
3.382537
3.130718
2.134787
2.479620
2.071265
1.674254
1.349839
1.651567
1.762731
1.531330
1.404286
1.295392
1.433778
1.352107
1.910192
1.823984
2.338965
3.486894
2.878900
2.087146
2.431978
3.271374
2.851676
2.681528
1.953296
1.336227
0.027224
1.529061
3.187434
3.489163
3.564028
3.364388
3.375731
2.509112
3.613938
2.545410
3.493701
3.171554
3.176091
3.137524
2.749587
2.949227
3.527730
4.650705
3.343970
4.008681
5.263237
3.500506
3.457402
3.877100
2.806304
3.098958
2.974183
3.001406
3.194240
4.133456
4.650705
4.675660
4.648437
4.861689
4.348977
5.124850
6.794567
8.992876
8.793236
9.169829
9.258305
8.806849
6.558629
7.379874
7.543217
6.887581
4.920673
3.772742
2.901586
2.583977
3.316747
3.371194
3.820384
3.568565
3.820384
4.328558
5.612607
5.403893
5.785023
6.490570
8.555028
10.174836
9.526005
9.153948
9.094964
9.859495
10.814591
9.623557
8.632163
5.857620
5.043179
4.401155
4.721033
4.995537
5.090820
4.929747
4.494169
4.868494
4.648436
4.128918
5.499175
5.957439
5.925679
6.356720
6.495107
6.826328
8.539150
7.563635
7.588589
6.504181
6.864894
6.300004
8.337240
6.508718
3.738713
2.012280
1.492763
2.007743
2.865288
2.547679
3.019555
3.114838
1.563090
1.932878
2.386606
1.969177
2.318546
2.050848
2.032698
3.117106
3.146599
3.756862
3.843070
3.598057
5.145268
7.005550
6.681135
6.758269
6.390750
5.710158
5.902992
5.569502
5.619413
5.524130
5.365326
4.786824
4.249157
4.401154
4.042710
4.469214
4.505511
4.287723
4.140262
5.226939
5.814515
5.333565
5.721502
5.857620
6.481494
5.918873
4.909330
4.530467
4.085815
3.942890
4.348977
4.630287
4.090352
4.991000
4.814047
4.723301
4.287723
4.414767
3.663848
4.523661
3.248688
3.754593
5.040911
5.410698
4.800436
5.844008
7.193847
8.897594
6.093558
5.313147
7.842676
3.716026
5.841739
4.119844
2.847139
5.816784
5.986932
3.607132
5.317685
2.388874
5.487832
6.229676
3.688803
4.137993
3.010481
3.237345
3.493701
3.623013
3.824922
5.156611
5.356250
5.424310
4.312678
3.645699
3.523192
2.524992
2.593052
1.901118
2.255025
3.706952
4.582646
3.972382
3.362119
3.541342
3.713758
3.861219
3.829459
4.228739
3.899786
3.976920
3.868025
3.346239
3.505043
3.666117
5.122583
4.489632
6.522330
5.412966
3.858951
3.818115
2.899317
1.658373
1.948759
2.354845
2.724632
3.108032
4.228738
5.258701
4.625751
5.086283
5.285923
5.787292
5.803172
6.220601
7.609007
8.434791
8.883981
10.687548
10.149881
11.195722
11.574584
8.938428
9.187979
8.262375
6.837671
6.533673
7.429785
8.264642
9.033711
8.602671
8.915742
8.137600
6.692478
6.869431
5.991470
6.306810
6.715164
7.742856
8.700222
9.827734
9.634900
9.625826
8.827264
9.001949
9.142606
9.925285
7.536411
5.714696
4.634824
3.536804
2.847139
3.139793
3.271374
3.005943
2.940153
2.851676
3.439253
3.713759
3.382537
3.219195
3.139793
3.244150
3.854413
4.736913
4.584914
4.303604
4.755062
5.444728
6.356719
4.820853
4.553154
5.079477
4.249156
4.099426
4.634825
4.596258
4.709690
4.500974
4.519124
4.040441
5.038642
5.186103
4.966046
4.934285
5.038642
4.131187
4.532736
5.456071
5.737382
5.444727
4.500975
4.013218
4.251425
4.798167
3.162479
2.470545
2.842601
2.715558
3.584446
4.047247
3.021824
3.078540
3.616207
4.020024
3.509581
3.387074
3.586714
3.486895
4.004144
4.115307
5.576309
6.204721
5.882574
7.826795
8.811386
8.911205
8.078614
7.037311
9.083621
5.728307
5.251894
4.217395
2.876631
1.862551
2.608932
4.430647
7.014625
7.221071
5.564966
5.288191
6.068603
4.140262
5.741919
5.719233
7.872169
9.101770
11.193454
8.945235
8.051392
8.214733
8.986069
5.875769
7.425248
5.304072
3.777280
2.307203
1.951027
4.587183
4.829928
4.312678
3.838533
3.702415
4.228738
4.893449
4.212858
3.806772
3.868025
3.532267
5.018225
6.256899
6.091289
7.232414
7.878975
7.191578
6.036843
5.401623
5.313147
4.033635
2.259562
1.994132
2.524993
3.105764
3.602595
3.618475
3.618476
3.178360
3.282717
3.355314
3.849877
3.552685
3.750056
3.436984
3.806772
4.485094
4.503244
4.682466
5.716964
6.937490
7.196115
5.367594
5.769143
6.161617
5.095358
5.086283
5.183835
4.938822
4.603063
5.850814
5.297267
4.745988
3.963308
3.409761
2.767737
4.909330
3.863488
4.696078
5.753262
6.100364
8.480164
9.646243
10.687548
13.235226
14.380888
12.536486
12.842752
11.359063
9.898061
8.241957
5.301803
6.041379
6.894387
6.767343
5.798635
5.932485
5.628488
4.525930
4.748257
5.560428
5.258700
5.848545
4.811778
4.101695
3.294060
4.085815
3.471014
3.759131
2.695141
2.849408
1.973714
2.597589
2.627081
2.992332
3.797698
4.233275
4.432916
4.280917
5.040911
5.755531
6.157080
6.676597
7.184772
7.393487
4.664316
6.138930
6.635762
7.001012
8.232882
7.647573
6.225138
5.580846
6.985133
6.946566
6.651643
6.197915
5.344908
5.242819
4.902524
5.353982
7.942496
7.620351
7.114445
7.436591
5.628487
4.119844
4.934285
6.338571
5.996007
6.275049
8.291867
7.899392
8.207927
9.017831
9.237889
8.822729
8.559566
8.078615
7.588589
6.005081
4.702884
5.093089
4.181097
3.328090
2.892511
2.182428
2.581708
2.082608
2.463739
1.880700
3.142062
1.898849
2.849407
2.801766
3.967845
5.481026
6.027768
5.279117
6.236482
6.025498
6.011887
6.624419
6.120782
4.294529
3.060391
1.805835
2.327621
3.486894
3.101226
2.375262
6.288661
3.967845
3.319016
3.761400
5.462878
6.163886
7.604470
9.017831
7.071341
7.227876
8.312285
8.838608
9.106308
9.346783
10.608146
9.376276
8.693417
8.210195
5.471951
5.406161
5.036373
5.292729
7.960645
7.953840
8.813654
7.588590
8.536880
8.137599
8.262374
8.053661
8.037780
9.051860
8.389418
8.359924
9.757407
8.398492
8.044585
8.128526
8.117181
7.869901
6.923879
4.605332
2.286786
2.622544
3.657042
3.722833
3.709221
3.071734
2.763200
3.600326
3.954233
3.609401
4.848076
4.548616
4.262768
4.845808
4.058590
4.870762
4.997806
3.391612
3.353045
4.448797
6.442928
5.068134
5.519593
4.069934
4.348977
4.900255
5.347177
7.425248
5.467415
5.242819
4.587183
3.464208
3.856682
3.638893
4.986463
4.405692
4.387543
3.811309
5.528667
6.313615
7.005550
6.415704
5.526399
5.294998
4.548617
3.879368
3.348508
2.368457
2.030430
1.608463
3.037704
2.041773
2.797229
2.543141
3.441522
2.788154
2.545410
2.472814
2.844870
2.230070
2.511381
1.751387
1.814909
1.431510
1.737776
1.944222
2.404755
2.372994
2.407023
2.813109
2.354845
2.456934
2.495500
2.974183
3.693341
3.902055
4.491901
4.317215
4.768674
4.986463
4.503244
4.555422
5.410699
5.081746
4.941091
4.253694
3.958771
5.471951
7.416173
7.568172
7.420711
7.046385
6.849014
6.127587
5.451533
3.044510
2.559022
3.616207
2.956033
4.804972
4.072203
4.183366
4.809509
4.700616
4.167486
4.441990
3.307672
3.809041
3.672922
4.210589
4.128919
4.169755
6.488301
6.501913
7.130325
8.752400
8.114914
9.852689
7.890318
2.515918
6.361257
5.095357
6.075409
6.542748
5.859888
6.186572
6.810447
6.737851
6.710627
7.157550
7.638499
7.751931
7.028236
8.291868
7.935692
8.323628
8.237421
9.076815
10.383551
10.013763
9.557767
10.267850
12.162162
15.674011
14.344591
10.651249
11.227483
9.893524
8.310017
7.817723
7.236951
7.815454
6.858088
6.089021
7.554561
7.702021
6.007350
6.177498
6.821790
7.888049
7.221070
7.942496
9.541886
10.728384
10.342714
8.999682
13.092303
14.471634
15.095508
14.435335
15.810125
12.148549
9.067741
8.121718
6.304541
5.426579
6.719701
5.544547
2.953765
2.742782
3.924741
4.711959
5.308609
5.830396
7.309548
10.601338
14.655394
12.082758
12.783766
14.718914
15.050136
12.874513
9.675736
6.581315
6.084483
7.044117
5.973320
6.059528
3.017286
1.458733
2.071265
2.259562
2.014549
2.327621
1.563091
2.118907
1.685597
3.096689
4.877568
5.726038
7.223339
8.906668
8.414373
9.387618
10.828202
8.437059
7.180235
7.833603
8.275986
8.194317
8.217002
7.965183
8.466553
8.421178
8.443865
8.264643
6.982864
6.542747
7.554559
7.345845
8.548222
9.017832
9.702959
8.772818
8.148942
7.200653
6.746926
6.175229
4.966046
4.024562
3.237344
3.863488
3.373462
3.965577
3.861219
4.085815
4.240081
5.229208
4.326290
3.951965
4.410229
3.094420
3.468745
2.892512
4.945628
5.660248
6.111707
6.869432
8.207927
8.589057
10.016031
10.651249
9.743794
7.545486
6.833133
6.002813
5.535474
5.660249
4.843539
5.102163
4.920673
4.419305
3.890711
3.493700
3.423372
3.688803
3.514119
3.087614
3.130718
3.039973
5.190641
6.023230
6.070872
6.662986
6.488301
6.256900
5.662517
6.849014
3.999606
3.942891
4.299067
4.439723
5.206521
5.249626
5.610338
5.195178
5.428847
4.761868
3.350776
4.231007
3.559491
4.258230
3.539073
4.006412
3.863488
2.731438
1.851207
2.175623
2.223264
2.676991
3.961040
3.226001
3.178360
3.402955
3.167017
4.079009
3.303135
3.720564
3.770474
3.881637
4.203784
4.312678
4.085815
3.319015
4.394348
4.886643
4.825390
7.118982
7.035042
8.911204
9.351321
8.058197
7.037310
9.058666
6.245557
6.086752
7.175698
7.300473
5.633025
6.483763
5.664785
8.577714
8.952041
8.824996
8.464283
7.348114
7.720170
7.395755
6.338571
7.139400
8.203389
9.648512
9.664392
9.233351
7.377607
6.585852
5.537742
4.294529
3.892981
4.355782
4.419304
4.922941
4.398886
3.570834
4.938822
4.804973
4.961508
6.093558
5.567235
5.769143
6.381674
5.399355
4.684735
6.662986
6.324959
7.683873
6.538211
8.845415
7.207459
6.456540
6.236482
4.203784
2.484157
2.996869
3.958771
3.609401
3.868025
5.823591
5.971052
5.769143
5.628488
6.222870
4.255962
5.957440
5.932485
5.807710
4.471483
4.178829
5.315416
6.942028
7.071340
6.184304
8.044585
9.932092
10.512863
9.569109
7.175698
6.379406
4.968314
4.566765
5.099895
6.676597
6.563165
4.242350
4.986463
4.303604
4.013218
3.722833
3.740982
3.795429
3.806772
3.974651
3.840802
4.525930
4.963777
5.306341
5.569503
4.966046
5.104432
4.836734
4.469214
2.701946
4.573571
2.223264
4.301335
5.147536
6.545016
6.910267
4.589452
5.040911
4.385275
3.119375
4.319484
4.952434
5.338102
4.217395
4.253694
4.705153
6.082214
6.837671
7.577246
7.788230
8.670730
6.810447
6.649374
7.736050
7.493307
7.211996
7.334503
7.046385
6.438391
7.443396
7.094027
7.329965
8.525537
8.877175
9.242427
9.961584
9.578184
9.596334
10.821398
9.782361
10.004688
10.862232
10.832740
8.625357
7.656649
7.466084
8.359925
8.906668
7.050922
7.572710
7.481963
6.583583
7.817722
6.565434
5.966514
6.563166
7.175698
6.855820
6.218333
6.785492
6.762806
6.052723
6.275049
4.798166
6.179766
6.935222
6.651642
7.114444
6.778687
6.506450
5.977857
5.256430
5.211059
4.877569
5.567235
4.789092
4.015486
6.059528
5.728307
4.557690
3.457402
2.974182
3.110300
3.035436
3.920204
2.974182
3.995069
3.790892
4.092620
3.659311
3.409761
2.790423
2.191503
2.377531
2.770005
2.833527
3.105763
2.524993
3.913399
1.792223
3.505043
3.607132
3.795429
3.366656
3.210121
3.294060
1.508643
1.191034
2.241413
1.835327
2.316278
1.510912
1.215989
1.535867
1.721895
2.518187
3.663848
3.616207
3.806772
3.790892
3.282717
3.500506
3.468745
3.380268
2.701946
2.613469
2.926541
2.454665
2.586246
2.869825
2.116638
2.048579
2.869825
2.699678
2.570365
2.509112
2.774542
3.239613
3.232807
4.265037
4.711958
3.902055
3.763668
3.457402
3.205583
4.060859
3.641162
3.679728
3.543610
3.253225
3.151136
3.112569
2.931078
2.822184
2.377531
2.799497
2.931078
3.523193
3.423372
4.192441
3.795429
2.806303
2.897049
3.641161
3.843070
4.083545
3.353045
3.477820
3.060391
2.563559
2.599858
2.990063
2.400218
2.196040
1.719627
2.096220
1.903386
1.930610
1.433778
1.522255
1.426972
1.209183
1.758193
1.495031
1.610732
1.690134
1.916998
2.295860
1.814909
1.785417
1.608463
1.626612
1.327152
1.817178
1.406555
2.270905
2.175623
2.922004
2.289054
3.012749
3.028630
3.173823
4.160679
4.920673
5.465145
6.082215
5.449265
5.980126
6.064066
5.973320
6.152543
6.903462
7.352651
8.126256
7.683873
7.851752
7.554558
9.412574
8.750132
9.537349
8.793236
7.767812
8.285061
6.692478
6.417973
7.622619
7.050922
6.842208
6.790029
5.304072
4.745988
5.304072
5.133925
4.407960
3.686534
3.811309
3.543610
4.339902
3.990532
3.849876
3.418835
3.999606
4.410230
5.059060
4.725570
5.072671
4.689272
4.582646
5.217864
4.732377
6.036843
6.229677
8.602671
8.210195
9.001950
9.968390
11.343182
9.950241
11.436197
9.861764
8.006018
8.087689
7.234681
5.351714
3.296329
4.190171
3.985995
4.265037
4.435185
4.049516
4.752794
4.950166
4.918404
4.494169
3.945158
3.938353
4.063128
3.010481
3.464208
3.734175
4.088083
4.360319
5.113507
5.744188
4.961509
5.124850
3.927010
2.847139
2.275443
2.781349
2.348039
2.291323
1.805835
1.540404
1.195572
2.742781
2.615738
2.066728
2.690603
2.289054
3.001406
2.255025
2.245950
2.184697
2.481888
2.926541
2.556754
3.269106
3.827190
3.491432
3.999606
3.734176
3.670654
4.423843
4.691541
5.460609
5.710158
6.268243
6.492838
7.053191
7.021431
7.443396
6.935223
7.305010
8.834071
7.370800
6.717433
6.256900
6.660717
7.239219
7.949302
7.731513
8.201121
7.538680
7.398024
7.157549
6.590389
5.696547
6.320422
5.183834
4.199247
5.145268
5.215595
4.748257
5.338102
4.991001
5.142999
4.557691
5.419773
5.097627
4.677930
5.304073
6.163886
6.522330
6.404362
6.674329
7.833602
7.613545
5.145267
5.283654
6.279586
7.756469
9.473827
9.820927
8.285062
8.357657
8.609476
8.643505
7.148475
6.107169
6.846745
7.116713
8.017362
7.992406
8.525537
6.721970
5.714696
7.100832
7.645305
4.861688
7.463815
5.190640
6.293198
5.692009
6.315884
5.857620
9.156217
9.110846
7.899393
7.334502
7.965183
7.815453
9.730183
7.804109
8.117182
6.313615
7.048654
7.785962
7.584052
7.039579
8.273717
10.224745
11.363601
10.916679
11.073215
10.862231
7.050923
5.762337
5.850814
5.844008
6.222870
6.867163
9.099502
8.625356
7.849484
7.858558
8.051391
8.981532
10.664862
9.296873
8.042317
6.365794
6.236482
5.871231
6.245557
6.150274
7.992407
5.301804
6.869432
5.980126
6.032305
6.166154
6.885312
7.429784
9.072278
11.479300
7.942497
7.466084
6.919342
6.354451
6.658449
6.123049
7.550023
6.054991
4.657510
4.693808
3.121644
3.350776
3.393880
3.820384
5.741919
4.641631
4.605333
6.361257
5.673860
6.887581
6.465614
7.035042
6.930685
5.721501
6.628956
5.197447
5.431116
4.938822
5.558160
4.187903
5.043179
3.877100
6.399823
4.446528
6.479226
6.259169
7.933422
8.217002
9.319559
9.176636
10.265582
9.151680
8.008288
6.293198
7.109907
7.314085
8.979265
7.856289
7.291399
8.688879
9.215201
9.113113
7.559098
7.536410
7.586321
7.906199
6.824059
7.636231
8.822729
8.296405
9.265112
9.861764
9.952509
9.113114
9.299141
7.550023
6.683404
5.635294
6.202453
6.914805
7.953840
9.437529
10.780561
11.336378
12.488845
14.308293
15.639982
15.510669
14.104114
14.203934
14.453484
14.655392
14.260651
14.923092
14.748406
14.816466
12.196191
12.389025
11.490645
10.054598
10.136269
9.929823
10.351789
10.426655
9.385350
11.179840
13.602745
11.610882
11.749269
10.887187
10.744264
9.857227
9.392155
8.870369
9.784629
8.750131
8.253301
7.157549
8.931622
10.846350
9.605408
9.705228
8.688879
7.844945
8.675267
8.083153
8.026436
8.053659
8.750132
7.924348
8.305477
8.146674
8.071808
8.151212
7.695215
7.974259
7.944765
7.257370
6.377138
6.665255
6.402092
6.785492
7.801841
8.443864
6.966983
5.626219
4.943359
4.333096
2.994600
3.114838
4.389812
3.827190
4.895718
5.483294
5.710158
6.068603
5.669323
6.649374
7.667992
8.273718
9.029174
8.682072
9.988808
9.707496
10.351789
11.504256
9.827734
10.803249
8.235150
10.369938
7.130324
7.611276
8.412105
7.935691
9.328634
9.467020
12.643111
11.517867
10.127196
9.448872
10.075015
6.935223
9.419380
9.959316
9.943433
8.652581
9.362666
8.298673
7.522798
6.799103
7.540948
6.535941
5.587652
5.594458
3.815846
2.783617
3.169285
2.513649
2.883437
2.152936
1.973713
2.987794
3.076271
2.828990
2.198309
2.234607
2.763199
2.674723
2.699677
2.613469
2.429710
2.631619
2.323084
3.246419
3.162479
4.015487
5.093089
4.367126
4.730108
3.675191
2.397949
2.277711
3.060391
2.804035
2.701946
2.699678
2.134787
2.361651
2.568097
2.279980
2.885705
2.268637
1.585777
1.658373
2.951496
2.876631
3.035436
3.003675
2.438784
2.985526
2.100757
2.638424
1.878431
2.155205
2.021355
2.452396
2.672454
2.168816
2.608932
2.629350
1.975982
2.701946
2.302666
2.799497
2.624813
1.935147
2.395680
2.686066
2.987794
2.770005
2.690603
3.273643
2.751856
4.020024
4.519124
3.185166
3.886174
4.165217
3.645699
3.754594
3.509581
4.076740
2.441053
2.608932
3.616207
2.250488
3.505044
3.069465
2.549947
2.815378
3.641162
5.471951
3.473283
3.858951
3.312210
3.500506
4.128918
4.632556
4.047248
2.493232
2.552216
2.679259
2.445590
3.201046
3.432447
2.804034
2.540873
2.633887
3.123912
2.202846
2.093952
2.540873
2.300398
2.055385
2.856214
2.765468
2.416098
3.244150
3.471014
3.452865
2.971914
2.572634
2.704215
2.545410
2.524992
2.876631
2.833527
2.248219
3.452865
4.158411
3.375731
2.252756
2.143861
2.109832
2.502306
2.366188
2.245950
2.536336
2.785886
2.379799
2.316277
2.282248
3.568565
4.521392
5.696547
5.868963
6.907999
6.914805
6.697016
6.699283
7.472888
5.589920
6.345377
6.120782
7.475157
6.427048
5.907530
5.753263
6.542748
6.163886
5.807710
5.576309
5.698815
6.286392
5.780486
5.322222
5.993738
5.614876
5.859889
4.961508
4.693809
4.317216
4.217396
3.754594
3.473282
4.208321
4.265037
3.961040
3.670654
3.802235
3.071734
2.944690
2.735976
2.393411
1.955565
1.969176
1.374794
2.114369
2.066728
1.894312
2.175623
2.223264
1.894312
2.715558
2.946959
2.631618
3.722832
2.745050
3.350776
3.108032
3.627550
4.652974
4.816316
5.633024
4.063129
4.680197
3.949696
3.382537
3.468745
3.226001
2.139324
2.717826
1.858013
2.815378
2.763199
2.872094
2.590783
2.377531
2.899317
2.722364
2.756394
2.958302
3.257762
3.595789
3.790891
3.391612
2.799497
2.942421
3.230539
2.602126
2.171085
1.951028
2.729170
2.860751
4.346708
2.647499
2.763199
3.940622
3.518655
3.985994
5.662517
6.093558
7.679335
7.686141
6.631225
7.261906
6.647106
7.259637
6.204721
5.390281
5.435654
5.108970
5.508250
5.403893
6.111707
6.436122
6.490569
6.449734
7.681604
7.593126
6.329496
6.973789
6.583584
6.118512
5.846276
5.678397
6.211527
5.664786
4.741450
3.384806
2.543141
2.570365
2.681529
3.203315
3.384806
3.831727
3.913398
4.426110
6.311347
3.888443
3.514118
2.965108
2.513649
2.400217
2.960570
3.461939
2.965108
2.897049
2.404755
4.074471
5.111238
5.351713
5.471951
3.836264
3.534536
4.017755
3.752325
4.183365
4.022293
5.555891
6.007350
4.723301
4.380738
4.319484
4.283186
4.317215
4.618944
4.605332
3.945159
3.711489
3.627550
3.500506
2.903855
2.568096
3.366657
2.847139
2.211921
1.960102
1.778611
2.311741
3.216927
3.659311
4.067666
3.702415
4.167485
5.453802
4.714227
3.988263
5.174760
6.749194
5.149805
5.907530
7.416173
7.345846
8.083152
8.185240
8.720639
8.675268
9.864032
10.533280
9.687080
8.904399
7.522798
7.014625
8.412103
8.700222
7.157549
7.867631
6.839939
6.699284
7.454739
7.892587
6.138931
4.544080
4.557691
4.537274
4.487364
4.113038
4.950166
4.480557
5.528667
4.283186
6.508719
5.959708
4.233275
5.074940
6.517793
7.323159
8.248762
7.881244
8.840877
8.920278
8.598133
8.260107
7.910736
6.715165
6.034573
5.476489
4.147068
3.564028
3.874831
4.015487
4.648437
4.537274
4.521393
3.716027
2.869825
2.463739
2.692872
2.851676
3.017287
2.118907
2.218726
1.624344
1.608463
1.367988
1.964639
1.921535
2.132518
1.787686
2.479620
2.352576
1.715089
1.985057
2.686066
2.980989
3.765937
5.018224
4.984195
4.920673
4.925211
5.902992
6.690210
6.556360
6.717433
6.978326
6.270512
7.450203
6.794567
7.522799
7.736051
7.756468
7.627157
8.652580
8.752400
9.176634
9.144875
9.535080
9.015561
9.628094
9.673468
8.954308
10.372207
8.709296
9.138068
8.940697
8.636700
8.593596
9.040518
9.033711
9.628094
9.566840
9.442066
10.018298
9.891255
9.988807
9.582721
9.319559
9.734720
10.263313
9.619019
9.022369
8.747865
8.638968
7.965184
7.452471
7.082683
6.849014
6.658449
6.508718
6.300003
6.191109
5.900723
5.490101
5.004612
5.242819
4.682465
4.852614
4.641630
4.371663
4.410230
4.097158
4.491901
3.373463
3.818115
4.396617
3.672923
3.904323
4.249156
5.206521
5.317684
5.013687
4.986464
5.549085
5.179298
5.170222
4.888912
4.308141
5.020493
5.043179
5.660248
6.159348
5.857620
5.106701
5.966515
6.288660
6.526868
4.702883
5.415236
4.773212
5.061329
5.800904
5.726038
5.490101
6.377138
5.521861
5.172491
4.850345
4.405693
3.613938
4.103963
4.058590
3.657042
3.956502
2.545411
3.405224
2.962839
2.527261
3.049047
4.314946
4.401154
4.600795
4.902524
5.349445
5.669323
5.671592
5.492368
5.392549
6.243288
7.477426
7.064535
6.236483
5.027299
4.700615
4.335365
5.669323
6.089021
6.193378
6.404361
6.953371
6.585852
7.715633
8.466552
8.802310
8.691147
8.180703
7.917542
6.054990
6.470151
7.679334
6.917073
6.971521
6.669792
7.134862
7.829065
6.565434
7.323158
6.973789
8.042317
7.806379
8.328164
9.367201
10.022837
11.000619
12.178041
12.227951
12.141743
14.687153
12.268787
10.426655
7.840409
7.915274
7.166623
7.556829
8.675267
7.506920
7.713364
8.021899
6.719701
6.792298
6.073140
4.671123
4.113038
3.675191
3.598058
2.792691
3.241882
3.230538
3.829459
4.097158
4.162949
4.716496
5.397086
5.841739
6.209258
5.138462
4.101695
5.263237
6.735582
8.743325
11.143543
11.349989
11.175304
11.293274
12.797378
12.797378
10.220209
10.211134
10.256507
8.570909
6.728777
6.579046
5.760068
5.215596
4.603064
3.992800
5.161149
4.759600
3.929278
4.532736
4.646168
5.036373
5.335833
5.238283
4.743719
5.431116
5.022762
4.843539
5.635294
5.918873
5.585383
5.340371
5.108970
4.652974
4.696078
4.548617
4.589452
4.169754
3.911130
3.280448
3.455133
3.049047
2.311741
2.520455
2.016818
2.236876
2.763199
2.472814
3.341702
2.779080
2.311741
3.223733
4.160679
4.469214
4.065397
5.111238
4.907061
4.208320
5.403893
4.537273
4.117576
3.657042
4.056322
4.144798
3.248688
3.861220
4.269574
5.501444
5.723770
6.567703
8.049122
7.509188
8.450671
9.619019
10.192985
9.335440
10.490175
10.728382
10.016031
10.406236
8.446135
8.405300
8.541417
8.986070
9.183441
7.890318
8.405299
9.959314
9.126726
9.339977
7.890319
7.956109
7.910735
7.268712
6.706089
6.728776
6.799104
5.671592
4.843539
4.001875
3.237344
3.868025
4.621212
4.852614
4.396617
5.215595
8.046853
8.720639
7.568172
7.125788
6.563166
5.401624
5.692009
5.571771
5.710158
6.542748
6.175229
5.490101
5.887112
6.799104
8.126256
8.695684
9.126726
9.807318
9.662124
9.934360
9.269649
9.088158
8.838610
9.700691
9.453408
8.604939
8.182971
7.742857
7.531874
7.291398
6.331764
6.143468
5.626219
5.245088
4.274112
4.535005
3.890712
3.863488
3.895249
4.432916
4.687003
4.178829
4.398886
3.879369
3.738713
4.144799
4.233276
4.144799
3.979189
3.961039
4.432916
4.099426
3.970114
3.956502
4.226471
4.231007
4.040442
4.126649
3.872563
3.856682
4.378469
4.507781
4.530467
4.369394
4.866225
5.000075
4.972852
5.115775
5.326758
6.306809
6.624418
6.265975
7.692948
8.144406
7.325428
7.649843
7.191578
7.590860
5.426579
7.057729
5.056791
5.871232
7.168892
6.581314
8.711565
9.977463
11.100439
11.270587
9.544154
9.498784
9.244693
8.593596
9.337709
7.307278
7.667991
8.992876
10.787367
11.327304
11.817328
12.255176
10.397161
10.878113
12.495651
11.579121
11.195721
10.131731
11.610882
10.673935
12.037385
10.555965
9.721108
8.893057
9.074547
7.230145
6.964714
6.790029
5.923410
6.079946
6.007350
6.413436
6.522330
6.186572
6.191109
6.506450
6.005081
5.417504
5.882574
5.680667
5.517324
5.564965
6.143467
6.520061
6.463346
6.656179
7.189310
6.785492
7.409367
6.742387
6.458808
6.980595
6.708358
6.220602
6.250094
6.758268
6.989669
5.977857
6.234213
6.229676
5.540011
5.821321
5.621681
4.734645
4.664317
4.369394
4.337633
4.344440
3.559491
4.069934
4.122113
4.945628
4.215127
4.360319
3.838533
3.511850
4.008681
4.260499
3.672923
4.392081
4.296798
4.684734
3.981457
4.521393
4.156142
2.711021
3.568565
3.911130
2.772274
3.634356
3.239613
4.024561
4.600794
3.505043
4.147068
4.242351
4.750525
3.693341
3.355313
3.334896
2.642962
2.250487
2.717826
3.316747
2.822184
2.804035
2.817646
3.216926
3.212389
3.087614
3.087614
2.429710
2.350308
2.583977
2.223264
2.450128
2.763199
2.368457
2.624813
2.377531
2.547679
2.624813
2.200577
2.425173
2.105295
2.025892
1.737776
1.374794
1.043573
1.188765
1.519987
1.955565
2.799497
2.475082
2.125712
2.157473
2.388875
2.946959
3.189703
3.525461
3.663848
4.376200
4.848077
4.979657
5.347177
5.446996
6.098095
6.334033
5.551354
6.721971
6.499644
6.576777
6.885312
7.096295
6.701553
5.635294
6.011887
5.726039
5.551353
5.140731
5.467415
5.571772
5.619413
5.716964
6.052723
5.553622
6.358988
6.005081
5.161149
5.226939
5.403893
5.689739
5.428848
5.551353
5.292729
5.515055
4.657511
4.417036
3.799966
3.922473
3.754594
3.806772
3.831727
3.096689
3.384806
4.276381
4.054054
4.001875
4.085815
4.063128
4.303604
4.723301
4.802704
4.882106
4.156142
4.535004
4.285454
4.412499
3.992800
4.593989
4.834465
5.099895
5.732844
6.329497
5.834934
6.014155
6.202453
6.771881
6.415703
6.057260
6.422511
6.678866
7.418442
7.699752
8.137599
9.285530
8.868100
8.852219
7.913004
7.241488
6.340839
6.858089
7.329965
7.726976
6.363526
7.214264
6.628956
5.991469
4.682466
5.412967
4.451065
4.405692
4.743719
4.101695
5.403892
4.532736
4.795898
4.621213
4.439722
4.782286
5.839471
6.302272
7.466083
7.377606
6.542748
7.050923
5.750994
6.649374
7.463815
8.632161
10.413042
10.925754
10.562771
9.471559
8.720640
9.963852
7.109908
6.429316
7.359458
8.484701
9.920748
10.866769
12.418515
11.225214
9.412573
11.805986
11.683480
11.803716
14.158561
12.311891
10.022836
7.899392
8.062735
7.069072
9.578183
8.602670
9.680273
10.093165
9.968390
10.633099
10.957516
9.476095
11.132200
9.063204
9.777824
10.512862
8.809115
10.483370
10.424385
9.775555
7.128057
7.593127
7.345845
9.594065
8.879443
9.017830
9.339976
10.106776
9.612213
10.043254
9.392155
9.530542
9.807317
10.031912
10.871306
11.395361
11.429392
13.031048
14.106383
12.795110
12.699827
13.158092
15.485713
13.752475
11.377213
8.972457
8.153479
6.951103
6.077677
5.122582
4.934285
4.389812
3.616207
3.112569
4.362588
6.801372
8.691147
8.255569
7.486501
7.978796
9.090427
10.562773
7.021430
6.420241
5.331296
4.065396
2.788154
3.257762
5.186103
4.530467
3.064928
4.085814
4.196977
5.456071
5.655711
6.476958
6.842208
7.579516
7.568171
7.956108
8.275986
9.875374
9.253769
8.756936
8.071810
8.051392
7.867632
7.481964
8.972458
8.282792
7.854020
8.974726
8.294135
7.715633
7.375338
8.725177
9.215203
10.020568
7.831334
11.281928
11.100439
11.163961
12.531948
11.089096
10.580921
10.238359
11.917148
10.544623
9.596333
9.119918
10.946170
11.477032
10.528741
9.684811
10.444804
10.440265
11.300080
11.629031
9.339977
8.750131
7.960645
9.643974
11.669867
9.541886
10.658054
10.934828
11.021036
11.111782
10.891724
11.045991
11.107246
10.717040
11.629031
12.202995
12.343653
13.210271
13.412180
12.894931
12.829140
14.927630
13.071885
9.421649
7.742856
7.323159
7.667991
7.427516
7.320891
8.568641
8.999682
8.119450
8.008288
